1.860000000000000000e+02
6.990000000000000000e+02
7.690000000000000000e+02
7.910000000000000000e+02
8.470000000000000000e+02
9.040000000000000000e+02
9.230000000000000000e+02
9.230000000000000000e+02
9.240000000000000000e+02
1.005000000000000000e+03
1.013000000000000000e+03
1.029000000000000000e+03
1.029000000000000000e+03
1.055000000000000000e+03
1.055000000000000000e+03
1.077000000000000000e+03
1.100000000000000000e+03
1.101000000000000000e+03
1.116000000000000000e+03
1.119000000000000000e+03
1.119000000000000000e+03
1.133000000000000000e+03
1.146000000000000000e+03
1.149000000000000000e+03
1.149000000000000000e+03
1.155000000000000000e+03
1.171000000000000000e+03
1.231000000000000000e+03
1.241000000000000000e+03
1.266000000000000000e+03
1.301000000000000000e+03
1.325000000000000000e+03
1.335000000000000000e+03
1.381000000000000000e+03
1.381000000000000000e+03
1.383000000000000000e+03
1.417000000000000000e+03
1.426000000000000000e+03
1.444000000000000000e+03
1.491000000000000000e+03
1.538000000000000000e+03
1.539000000000000000e+03
1.563000000000000000e+03
1.571000000000000000e+03
1.572000000000000000e+03
1.580000000000000000e+03
1.582000000000000000e+03
1.588000000000000000e+03
1.596000000000000000e+03
1.599000000000000000e+03
1.599000000000000000e+03
1.601000000000000000e+03
1.665000000000000000e+03
1.673000000000000000e+03
1.679000000000000000e+03
1.761000000000000000e+03
1.761000000000000000e+03
1.765000000000000000e+03
1.766000000000000000e+03
1.766000000000000000e+03
1.775000000000000000e+03
1.775000000000000000e+03
1.775000000000000000e+03
1.779000000000000000e+03
1.793000000000000000e+03
1.802000000000000000e+03
1.806000000000000000e+03
1.817000000000000000e+03
1.827000000000000000e+03
1.907000000000000000e+03
1.907000000000000000e+03
1.934000000000000000e+03
1.952000000000000000e+03
1.956000000000000000e+03
2.092000000000000000e+03
2.092000000000000000e+03
2.093000000000000000e+03
2.093000000000000000e+03
2.103000000000000000e+03
2.143000000000000000e+03
2.171000000000000000e+03
2.172000000000000000e+03
2.176000000000000000e+03
2.184000000000000000e+03
2.188000000000000000e+03
2.188000000000000000e+03
2.200000000000000000e+03
2.204000000000000000e+03
2.204000000000000000e+03
2.223000000000000000e+03
2.224000000000000000e+03
2.251000000000000000e+03
2.251000000000000000e+03
2.251000000000000000e+03
2.305000000000000000e+03
2.309000000000000000e+03
2.309000000000000000e+03
2.310000000000000000e+03
2.314000000000000000e+03
2.315000000000000000e+03
2.315000000000000000e+03
2.316000000000000000e+03
2.321000000000000000e+03
2.326000000000000000e+03
2.327000000000000000e+03
2.332000000000000000e+03
2.335000000000000000e+03
2.346000000000000000e+03
2.347000000000000000e+03
2.347000000000000000e+03
2.348000000000000000e+03
2.349000000000000000e+03
2.357000000000000000e+03
2.357000000000000000e+03
2.367000000000000000e+03
2.369000000000000000e+03
2.371000000000000000e+03
2.371000000000000000e+03
2.378000000000000000e+03
2.382000000000000000e+03
2.384000000000000000e+03
2.387000000000000000e+03
2.389000000000000000e+03
2.391000000000000000e+03
2.397000000000000000e+03
2.401000000000000000e+03
2.402000000000000000e+03
2.415000000000000000e+03
2.416000000000000000e+03
2.422000000000000000e+03
2.422000000000000000e+03
2.437000000000000000e+03
2.454000000000000000e+03
2.454000000000000000e+03
