9.772614047494073558e-03
2.372849365669463806e-01
4.679623793317890801e-01
5.682293712800775554e-01
6.096340222612099957e-01
6.525907838423743446e-01
7.820373268150861978e-01
1.009447061725811334e+00
1.227560318665472661e+00
1.378916537858563052e+00
1.481647607215333506e+00
1.490436779834941827e+00
1.508066201303283060e+00
1.736889251321033667e+00
1.830138646017592574e+00
1.831062606578691909e+00
1.841762296722286862e+00
1.950678535451310980e+00
1.951185979156490724e+00
1.968717560766910735e+00
2.048287345380803703e+00
2.166018874046284903e+00
2.271563022259809550e+00
2.296958008990611866e+00
2.421499737880465908e+00
2.448582113785746639e+00
2.487945604677554989e+00
2.625181359844134032e+00
2.730058741274410838e+00
2.919254349020750983e+00
3.026435677837727045e+00
3.110440108396452796e+00
3.120275814541293880e+00
3.166117445261996011e+00
3.196933460047878928e+00
3.224903480414121226e+00
3.586134421030413577e+00
3.636073170734416049e+00
3.858678691859268373e+00
3.958412130432916509e+00
4.116794655701756511e+00
4.186638188140633154e+00
4.272653778404791325e+00
4.340483121738961003e+00
4.362204611271485177e+00
4.490380791578065356e+00
4.523338528414691417e+00
4.525800176522760232e+00
4.629497055152287821e+00
4.648990412174770270e+00
4.931098726902100715e+00
5.238854968180903349e+00
5.485205956644287895e+00
5.531434696294024178e+00
5.532992427831218585e+00
5.796544773564408004e+00
5.852438601269714269e+00
6.192522802881919475e+00
6.523896350494940322e+00
6.715635052212881817e+00
6.750512659030097673e+00
6.799141852239967143e+00
6.989614517487774847e+00
7.027729140630846416e+00
7.046301002260421775e+00
7.127674701466444773e+00
7.402804048547149129e+00
7.521886608322942536e+00
7.606297841966507711e+00
7.616520661701439820e+00
7.711973733253211449e+00
8.173030708037842373e+00
8.188122766702068844e+00
8.261172299200218561e+00
8.471033162990298848e+00
8.606036587825665052e+00
8.725444030355832936e+00
8.846672785978281439e+00
8.891222020209776034e+00
8.925978228636486378e+00
9.091715679362458502e+00
9.257848499271162268e+00
9.459643504007953396e+00
9.704105100191616984e+00
9.775714423884906523e+00
9.845332861640025968e+00
1.000542785487087549e+01
1.011039976235965554e+01
1.023145482721080768e+01
1.039031677470622839e+01
1.061104912234090492e+01
1.065229736305466979e+01
1.069939104192742541e+01
1.070926064584616100e+01
1.079560204850710470e+01
1.079926245892819026e+01
1.086192315374640138e+01
1.094015261231511360e+01
1.097391567834656634e+01
1.106327893136118412e+01
1.106637643757133205e+01
1.107018278749961127e+01
1.124311792445342562e+01
1.128777642687420091e+01
1.130136533100394303e+01
1.137523068983184515e+01
1.152219548387641801e+01
1.154650728421940897e+01
1.164402924608505785e+01
1.165295034898404758e+01
1.165825685857507921e+01
1.173404775263763078e+01
1.181183879690710548e+01
1.191329254172756791e+01
1.204278859801923574e+01
1.241514429888923488e+01
1.248777341081227021e+01
1.252677538222286735e+01
1.268534078019613531e+01
1.271692592673974964e+01
1.277472426986708065e+01
1.278289478672544810e+01
1.278546254767959489e+01
1.311420054000645585e+01
1.329497730421796220e+01
1.341404157749789583e+01
1.346662754194441014e+01
1.348565819555862078e+01
1.350267026971590667e+01
1.353147086862856519e+01
1.361114993345989710e+01
1.373653486223757447e+01
1.384447389720725496e+01
1.387731512334615402e+01
1.418712547320178530e+01
1.432102721368930709e+01
1.440185026188244066e+01
1.449645330908618490e+01
1.455085709563939034e+01
1.457932322486679588e+01
1.462332463779910796e+01
1.476514282257477895e+01
1.476659263054686022e+01
1.477893066977085823e+01
1.478364010746611079e+01
1.478779825265783998e+01
1.498121855601940666e+01
1.510284261718947540e+01
1.516712107663076381e+01
1.517741676847554544e+01
1.524506856505526819e+01
1.530921359826470507e+01
1.532823306954472820e+01
1.538512298267496092e+01
1.543595664413328095e+01
1.553162888742459380e+01
1.563244034102868518e+01
1.563707657343073798e+01
1.568401497389624488e+01
1.578232747337451691e+01
1.585227141863529532e+01
1.604640636395284048e+01
1.615390384035833904e+01
1.617168912723506935e+01
1.617900737086069185e+01
1.628184678557158094e+01
1.628453369283831975e+01
1.637266843061904709e+01
1.665439397615776329e+01
1.674007222071551837e+01
1.678920228993790786e+01
1.689228500572240677e+01
1.695358060312751647e+01
1.703246203918514823e+01
1.731627475380844672e+01
1.736506750654346476e+01
1.768997669269414175e+01
1.792573431107113535e+01
1.794752393716517958e+01
1.795471235269549481e+01
1.796533488624365660e+01
1.796717387502837937e+01
1.797709437619395345e+01
1.809198186345167159e+01
1.809936682614631565e+01
1.813778254497580278e+01
1.832413514898552975e+01
1.832648984930360214e+01
1.849494289992219720e+01
1.852805124660616087e+01
1.854062625858907154e+01
1.865994179943306364e+01
1.875908171707638417e+01
1.896902329848508018e+01
1.910185265636151897e+01
1.926455223696091679e+01
1.929768562319159031e+01
1.931721895279563483e+01
1.945609459239617678e+01
1.962051551072051936e+01
2.008621599973454153e+01
2.013942393514980367e+01
2.018594832634597580e+01
2.033574377668033506e+01
2.037741714377341040e+01
2.064443093621334313e+01
2.083991485192996862e+01
2.089595041287418553e+01
2.103492888452373322e+01
2.117539218320923666e+01
2.118627593508990969e+01
2.141912050317667138e+01
2.148949125215234801e+01
2.166462450790467997e+01
2.170319805052113082e+01
2.192907710197572513e+01
2.197837594738174261e+01
2.197946562804326120e+01
2.221525635773950569e+01
2.222482891879435485e+01
2.226329428213285766e+01
2.256299152045168555e+01
2.286378647446208490e+01
2.294898620356761043e+01
2.304890921160666295e+01
2.310841067796894777e+01
2.314311295584356643e+01
2.318296158929860695e+01
2.329459394729145671e+01
2.343417773465776577e+01
2.359099727627988230e+01
2.374688037946475561e+01
2.375644407411878589e+01
2.382464903377612231e+01
2.383057720442099736e+01
2.391032333599053672e+01
2.396857886348926669e+01
2.418724072991134832e+01
2.423045989185813553e+01
2.424291048961337935e+01
2.425834125506759165e+01
2.440168430977550074e+01
2.449797487775030547e+01
2.450863574897484298e+01
2.451742130114170237e+01
2.463814214830701133e+01
2.464569675725958930e+01
2.481821534264044615e+01
2.494071531795344754e+01
2.494920019301147818e+01
2.495806557978925966e+01
2.538961143599506798e+01
2.543649519425029837e+01
2.548280072029783128e+01
2.565035826062609914e+01
2.594457471442242280e+01
2.637145210838261988e+01
2.651144203139425315e+01
2.655864413135616431e+01
2.656736353072595946e+01
2.671748778477142139e+01
2.679922382552756943e+01
2.685442713805806747e+01
2.709125090560587523e+01
2.710303892640306245e+01
2.717088943734035666e+01
2.717203129628360969e+01
2.723526673324190384e+01
2.724106177634849502e+01
2.725371087594161068e+01
2.726621349914235637e+01
2.737097033778305288e+01
2.750803010954270178e+01
2.759558548726298710e+01
2.792305750817322618e+01
2.797003716596525180e+01
2.800368408170730916e+01
2.820663433552433119e+01
2.823194254229751721e+01
2.856222955292270882e+01
2.856345244735860689e+01
2.891370513964655586e+01
2.891811703950840595e+01
2.913988916242440652e+01
2.921490348745934540e+01
2.971058634825194744e+01
2.971825248584739398e+01
2.979896345222072895e+01
3.014732097434632863e+01
3.022136536766443271e+01
3.032062819670255038e+01
3.043961832051422789e+01
3.050023109608192229e+01
3.059899851338272470e+01
3.068678109956330147e+01
3.091820437651156794e+01
3.092285552268591431e+01
3.095583979527578933e+01
3.125623939586188271e+01
3.147720697870722972e+01
3.153802450490319131e+01
3.163481780777708963e+01
3.166730514976660160e+01
3.168814556591020803e+01
3.175045142579061874e+01
3.179404677925229095e+01
3.188167114985295569e+01
3.188976337829627283e+01
3.225625939054852864e+01
3.268464594810378543e+01
3.280443233629506494e+01
3.288124017973627389e+01
3.291827810989170899e+01
3.308636882664050916e+01
3.320180178500539370e+01
3.321954915041543899e+01
3.346137925961534876e+01
3.363427871075207776e+01
3.393345256325542181e+01
3.406281296367503586e+01
3.415785336563417474e+01
3.421202361629348587e+01
3.448192545244819485e+01
3.468296469045288433e+01
3.468759198431819613e+01
3.469026406600485046e+01
3.473749884216317696e+01
3.490386361446278585e+01
3.534029116128480297e+01
3.535659211227824983e+01
3.544676452529982669e+01
3.549471189527563553e+01
3.584508275071323169e+01
3.602967407145659706e+01
3.621189307610358554e+01
3.627513463321756149e+01
3.632871812685029766e+01
3.636065701606530354e+01
3.636645971244978881e+01
3.656650232645012011e+01
3.673411407037511367e+01
3.755135863015691911e+01
3.812084597023135046e+01
3.820191112949549250e+01
3.834843943851611670e+01
3.863805660680355913e+01
3.882753380827448098e+01
3.885594905273259769e+01
3.891583173547258667e+01
3.892966136990389714e+01
3.923768374854806495e+01
3.933086851880692336e+01
3.935682889134876916e+01
3.946821184526609727e+01
3.956447888874040331e+01
3.960882093497011169e+01
3.962087484710995966e+01
3.973221897546186909e+01
3.980568001788047638e+01
3.995366072597652618e+01
4.002709171201887983e+01
4.021826872314972690e+01
4.029854413505187694e+01
4.038085559314988870e+01
4.059013145747286444e+01
4.064179618887167322e+01
4.065618498441070017e+01
4.065910548655391210e+01
4.079981123182017200e+01
4.089665112852623707e+01
4.101841766330602468e+01
4.104236581265536898e+01
4.105702706777819344e+01
4.105849221540476179e+01
4.110166094155626837e+01
4.119080067912276633e+01
4.124059886587888002e+01
4.129813082216172404e+01
4.153263697445986935e+01
4.157544723590238078e+01
4.164759973870961574e+01
4.180068691248158785e+01
4.185119492561150878e+01
4.194850397314682056e+01
4.214681803751525280e+01
4.244543707905271646e+01
4.246134526698420331e+01
4.272251154328841238e+01
4.279026182138796486e+01
4.282013536682310217e+01
4.288159406356017200e+01
4.327295937331822984e+01
4.334080850258496298e+01
4.338067010579501215e+01
4.348101873319077981e+01
4.350848157996234278e+01
4.351637111045996420e+01
4.353016863243120582e+01
4.354387047483790951e+01
4.356034646499357876e+01
4.357529247160032781e+01
4.367770087670790957e+01
4.369777551241135427e+01
4.374018944399083608e+01
4.396728685650366941e+01
4.403152497066832893e+01
4.414165387903356930e+01
4.416056673074488970e+01
4.418192182884440200e+01
4.418609455011615950e+01
4.420459928452271470e+01
4.423725409638583272e+01
4.425673527813414410e+01
4.426602386892017904e+01
4.427887949026951731e+01
4.434064242460605243e+01
4.436375164524056203e+01
4.440904975679165290e+01
4.447905027526308430e+01
4.459629601866434001e+01
4.460030659167433953e+01
4.476095601605695151e+01
4.485981538509368249e+01
4.486834492813131448e+01
4.507515839798012536e+01
4.532882775261801811e+01
4.533513003537403563e+01
4.536754771968690392e+01
4.553164123800956986e+01
4.566957696203100170e+01
4.568997492523718051e+01
4.571346482835533465e+01
4.575974333935776883e+01
4.582600959582462963e+01
4.592230977923048130e+01
4.596834103553051420e+01
4.603043014645260911e+01
4.616805304049159275e+01
4.617179033572374180e+01
4.620088399791197986e+01
4.632583318540758199e+01
4.655140986084064281e+01
4.662308777206148136e+01
4.669904072229678604e+01
4.671037685615085167e+01
4.676969118075921017e+01
4.684575186066474117e+01
4.687352114099080325e+01
4.690488860217865863e+01
4.695225510065890262e+01
4.695428263673393587e+01
4.699315511285954727e+01
4.701691080642191167e+01
4.705658572944511064e+01
4.706934203977358777e+01
4.729055002976789268e+01
4.738058991115585172e+01
4.749425320694515307e+01
4.764992411018292984e+01
4.771892775236781858e+01
4.772802096181956699e+01
4.780504679814904989e+01
4.789343910393618842e+01
4.803026076881702977e+01
4.808676423375532494e+01
4.810041270042825801e+01
4.813378891845442809e+01
4.817890040100188997e+01
4.828272286216407849e+01
4.836730103428421756e+01
4.841132171024939623e+01
4.884194128746637631e+01
4.893502458831309809e+01
4.896210404118878046e+01
4.897283834165126848e+01
4.898942717091025401e+01
4.901765785584976953e+01
4.903517434334519720e+01
4.905582351789065854e+01
4.908938410271220221e+01
4.910842434607849327e+01
4.933549949101408316e+01
4.934386306227328589e+01
4.941820429728455366e+01
4.947103485293348513e+01
4.987489906953507557e+01
4.988678180410481389e+01
4.993750760347905526e+01
5.028641356989172806e+01
5.048703797608854416e+01
5.065690427949216001e+01
5.068673178784550970e+01
5.070547174112415689e+01
5.081592770099233292e+01
5.108096621048832731e+01
5.116233125267880411e+01
5.124710400882466388e+01
5.127995151190572898e+01
5.142669888774693732e+01
5.144740668596154620e+01
5.148651546727347039e+01
5.154192992228045256e+01
5.161277841854492010e+01
5.164053967690188074e+01
5.165273800411629423e+01
5.174705796985922746e+01
5.178111430670288229e+01
5.186815961353212856e+01
5.188492608880919477e+01
5.195053822661204634e+01
5.202659295142495210e+01
5.203191441657066463e+01
5.207295277670870348e+01
5.208738770939189777e+01
5.209393493526915364e+01
5.255405506640868651e+01
5.259296806866063179e+01
5.275897513003761929e+01
5.278836401346696050e+01
5.290277814856899852e+01
5.304558477085181778e+01
5.313612943026873126e+01
5.319991509467325841e+01
5.325299087602379444e+01
5.329589520619418863e+01
5.356115081101626885e+01
5.373871151813045088e+01
5.407402915707201885e+01
5.408730201125563042e+01
5.421855714760167899e+01
5.449716987412780611e+01
5.451716545509788858e+01
5.452404648684513688e+01
5.465918580216399647e+01
5.474462851658386597e+01
5.492903623071601515e+01
5.494409205535743723e+01
5.510269706646062104e+01
5.512521504376732651e+01
5.514308656366387851e+01
5.516103102931987223e+01
5.532954135757627512e+01
5.543896272147787130e+01
5.551300031711247840e+01
5.555744645728028530e+01
5.576716672400971930e+01
5.581699799897946690e+01
5.598660626526427109e+01
5.604443375337565669e+01
5.609174570995742926e+01
5.615386181594738702e+01
5.618972634349044881e+01
5.632740407478414113e+01
5.639726435635370194e+01
5.642368860945340714e+01
5.665352259440846439e+01
5.670195576864433207e+01
5.678038400686210707e+01
5.701733356773306838e+01
5.711521349811879844e+01
5.712764495970457546e+01
5.740870662809779645e+01
5.750751432099127669e+01
5.754829695254640853e+01
5.756329463460804874e+01
5.772129477417607291e+01
5.781807232493235915e+01
5.789431371073726496e+01
5.811864404379090843e+01
5.827404304516051781e+01
5.829049217717314946e+01
5.832784843231272731e+01
5.835641539416761248e+01
5.849265220035445623e+01
5.849606295434023906e+01
5.858043430997885537e+01
5.872417568156483014e+01
5.893354241600342647e+01
5.897540987535793278e+01
5.914759067171203100e+01
5.915931506022190689e+01
5.934668945594307843e+01
5.936032741899588672e+01
5.941095888211687281e+01
5.957055941844951974e+01
5.958680159744156413e+01
5.961284089968604150e+01
5.974094520945052977e+01
5.986825482664969655e+01
5.997073924752343288e+01
6.008913941843219675e+01
6.016738632855176405e+01
6.019639469847770386e+01
6.023881301785703357e+01
6.025885314530868442e+01
6.049794075924104675e+01
6.058550166470470799e+01
6.063672623065261291e+01
6.069871698128473270e+01
6.099299935498445535e+01
6.100964630999730787e+01
6.109789077090816534e+01
6.116839021498748252e+01
6.126292464678778771e+01
6.126475226482843794e+01
6.147042161708250774e+01
6.173942047075163231e+01
6.182269201714597529e+01
6.194197909119856860e+01
6.219772602698313335e+01
6.232056577232238226e+01
6.233711682323479408e+01
6.242298703822005024e+01
6.251630912392344896e+01
6.257149657431573075e+01
6.270484560470406876e+01
6.297721329328031459e+01
6.323700091458572814e+01
6.329693734421609008e+01
6.330895521467127196e+01
6.372787261358334376e+01
6.391044442466518660e+01
6.392375902063689352e+01
6.417738981473321758e+01
6.438133220785590538e+01
6.445448734645276545e+01
6.454395872513566701e+01
6.459487520947656947e+01
6.460050702440089765e+01
6.464133351303097186e+01
6.480371430413758560e+01
6.480417858254422470e+01
6.484474997220324610e+01
6.489552778168871328e+01
6.497261608410110512e+01
6.522500863171640617e+01
6.526752634280548193e+01
6.531013699140133610e+01
6.544388788656789302e+01
6.550407566391712066e+01
6.552951391128739544e+01
6.558974214634501720e+01
6.560492413853815208e+01
6.562432958885895573e+01
6.569331839313923638e+01
6.574760601476484112e+01
6.599393528829011757e+01
6.603893874659408425e+01
6.612582898497261397e+01
6.622586806222439293e+01
6.622718615670696352e+01
6.633611297641056126e+01
6.635571884043048385e+01
6.668031866765772975e+01
6.669641335808874771e+01
6.674996346954240778e+01
6.675888481330746060e+01
6.733569297482253546e+01
6.740544766138836508e+01
6.749592959379725698e+01
6.750287279888007674e+01
6.764148642440167691e+01
6.766504670822669709e+01
6.789337819390786422e+01
6.791633707672394848e+01
6.793749411970482299e+01
6.794121755389059558e+01
6.800509613322013536e+01
6.808830054358774930e+01
6.809509723760567113e+01
6.824449749696550782e+01
6.830488096199486847e+01
6.837919672745412925e+01
6.843731487463288943e+01
6.848852469476038607e+01
6.857054104047416843e+01
6.858741134115025773e+01
6.860749184977112236e+01
6.880538678260073482e+01
6.909747795352720345e+01
6.914420817227471616e+01
6.917578130884398036e+01
6.927906363535342393e+01
6.933161259211415484e+01
6.933418400698741380e+01
6.935116236731737160e+01
6.947703069330268022e+01
6.958459567153443004e+01
6.958734265732287838e+01
6.961244195470955276e+01
6.963871811260464995e+01
6.975015958488744161e+01
6.975215032301665019e+01
6.976314392887678650e+01
6.992404577160641566e+01
6.994371354255159190e+01
7.004948345144364907e+01
7.007668831366454754e+01
7.008716231701303911e+01
7.011502426865418158e+01
7.024313374996388859e+01
7.043671738370927926e+01
7.061404248370683945e+01
7.066465673265435044e+01
7.077494441049481111e+01
7.079788375152770641e+01
7.083257711038895366e+01
7.105923697325204103e+01
7.106054569209166516e+01
7.106948440605471262e+01
7.109278943407869633e+01
7.109547848760112743e+01
7.111549878793015012e+01
7.120297566080458296e+01
7.125769429264136079e+01
7.148088059472354416e+01
7.165095018502549351e+01
7.169277746554239172e+01
7.172281009075712177e+01
7.177056407156797491e+01
7.185979584658230124e+01
7.189100201756383512e+01
7.198885824211853901e+01
7.204152184604652120e+01
7.212182858269800079e+01
7.217912112220710696e+01
7.221400111973333935e+01
7.251052784184855682e+01
7.265475329222182665e+01
7.266984874203413369e+01
7.287269923480606337e+01
7.293953126777225293e+01
7.316448521680122496e+01
7.332535666219420989e+01
7.338073232412007485e+01
7.338300488306782654e+01
7.341429493784546878e+01
7.349230371341344892e+01
7.359267344660690924e+01
7.362249891459980233e+01
7.363750635648287357e+01
7.381764506519911606e+01
7.423370748151783971e+01
7.430829693621504362e+01
7.432713242258104458e+01
7.435892006975393542e+01
7.436077625849500805e+01
7.460646511126437019e+01
7.461899321564898457e+01
7.470491728253580277e+01
7.473694541539607883e+01
7.481772896693678376e+01
7.492311783033538575e+01
7.510016174957762303e+01
7.512328200232808229e+01
7.512438767529124561e+01
7.513910848235998685e+01
7.536938563524530821e+01
7.557644577045061851e+01
7.566743020147026755e+01
7.575918857332079881e+01
7.586856199626154762e+01
7.588784419912539647e+01
7.613366515520252165e+01
7.618792611863715081e+01
7.623623719856993830e+01
7.630940889183220577e+01
7.631421935826139702e+01
7.633240552876632989e+01
7.646635943780871969e+01
7.647500226537590606e+01
7.656742248727441336e+01
7.659557249063445283e+01
7.664488671632696537e+01
7.667895193552237743e+01
7.672290678329466118e+01
7.684986318195852562e+01
7.688512033591908335e+01
7.696868468898965432e+01
7.703332066765868547e+01
7.714228725996795788e+01
7.741847942471925137e+01
7.755036995184475757e+01
7.757456951316916616e+01
7.757773748105158518e+01
7.760815441125214420e+01
7.769856047643945374e+01
7.770384000424942883e+01
7.777243059985204354e+01
7.786327348385080427e+01
7.790395667164460747e+01
7.805132166755927869e+01
7.806259355903574715e+01
7.807040460961496819e+01
7.820066935063660196e+01
7.826908637330291185e+01
7.838569063887622690e+01
7.844275303878910677e+01
7.847104266416495477e+01
7.864202503402206901e+01
7.880267719041809471e+01
7.892132207238900321e+01
7.895308743388780215e+01
7.904230352186014841e+01
7.908708451941812712e+01
7.909668959287878920e+01
7.934595957723254855e+01
7.936067262211450668e+01
7.966072168742678627e+01
7.971978178870587328e+01
7.974025481689722028e+01
7.981832180151239697e+01
8.002463598094060160e+01
8.015639675885364568e+01
8.032067614146102130e+01
8.042819991297805871e+01
8.054605529659221475e+01
8.073523249539724134e+01
8.076395644695125497e+01
8.083117821356837851e+01
8.085617952647899642e+01
8.129573536821952473e+01
8.158408174695156845e+01
8.158810425707210356e+01
8.171037741339168292e+01
8.196973576913920567e+01
8.198965105167799550e+01
8.207357134344258043e+01
8.232065786985513967e+01
8.232411142220955469e+01
8.244365246789884338e+01
8.247894196437336234e+01
8.273716683150892948e+01
8.309141382377114837e+01
8.338013119189524502e+01
8.344441733241508530e+01
8.364249840308862360e+01
8.382864113041853216e+01
8.386707518257048832e+01
8.404363493670994956e+01
8.404740591623684054e+01
8.413810678026561618e+01
8.416424440438534305e+01
8.417709218113250813e+01
8.418509971546293968e+01
8.430426751043175670e+01
8.434580011173861180e+01
8.447481375546064442e+01
8.448157274900958669e+01
8.451944878715136156e+01
8.459699113859136332e+01
8.475340087192516592e+01
8.479178383262917862e+01
8.489010474126939698e+01
8.510724090714182921e+01
8.520291655804903996e+01
8.522943812234562699e+01
8.523190846372004614e+01
8.543600663235746140e+01
8.543815651877348216e+01
8.564586229543390061e+01
8.572113866748085798e+01
8.600093785176012773e+01
8.616127510406244028e+01
8.677949454514717331e+01
8.682268240683200133e+01
8.696843493274315051e+01
8.701983983300544878e+01
8.708520856343396588e+01
8.718396185419678091e+01
8.739085326060002501e+01
8.780489296428415003e+01
8.795111267531807187e+01
8.800520109467719010e+01
8.805990805225908957e+01
8.819368982985645289e+01
8.822097274186241123e+01
8.823267940882047355e+01
8.827647134197988521e+01
8.831033225262166297e+01
8.834547372159489953e+01
8.837207983819084234e+01
8.837638031628458180e+01
8.837818387656777475e+01
8.881818167447900692e+01
8.887400364916821616e+01
8.892250752191374374e+01
8.903634078677639252e+01
8.906096331237048958e+01
8.936045893774446824e+01
8.951479821593203212e+01
8.952416457979613540e+01
8.957822105719947103e+01
8.978951535321355948e+01
9.007907151352564767e+01
9.014207025783578331e+01
9.023710967509342140e+01
9.025538591401910082e+01
9.072833038262838556e+01
9.075468419913015339e+01
9.104068513227954895e+01
9.114556643822641036e+01
9.123914866051363504e+01
9.131103383577287502e+01
9.133725733857806972e+01
9.135667991558040057e+01
9.138158840544245720e+01
9.140222175179791009e+01
9.155344582755519411e+01
9.159654339166250736e+01
9.160250169249577823e+01
9.195021011414846157e+01
9.216544221115105984e+01
9.242820766653173337e+01
9.295621264343670020e+01
9.297531601309431437e+01
9.302577419858370433e+01
9.316775454613183172e+01
9.328683408637397179e+01
9.330354537485332855e+01
9.347273667515196394e+01
9.349815374187602401e+01
9.352349051727298956e+01
9.360048781570206700e+01
9.369036726812075244e+01
9.377713785267370383e+01
9.378673244297080203e+01
9.399666492409994589e+01
9.402753507386664467e+01
9.404140553996359131e+01
9.426100134981159329e+01
9.457256898508691734e+01
9.477071166353441356e+01
9.493653041050777119e+01
9.504302166062763035e+01
9.512306313878461594e+01
9.513216362845984975e+01
9.518466507845087676e+01
9.523129628631393473e+01
9.526137352866156505e+01
9.538989908666127349e+01
9.545839233505303412e+01
9.546684427977659482e+01
9.549171390589464181e+01
9.560668091865436224e+01
9.561459940267384638e+01
9.580511926497827346e+01
9.587346796940947513e+01
9.593897348315303475e+01
9.602872229081184230e+01
9.620283708210628504e+01
9.624557889550081313e+01
9.635890428529309304e+01
9.644231361939658598e+01
9.647337843395669665e+01
9.668426957750072859e+01
9.684393459087600320e+01
9.695136124781448927e+01
9.714146181966864901e+01
9.734342388349070063e+01
9.746664841558163062e+01
9.764805710064372590e+01
9.776761506708092497e+01
9.788160249625380516e+01
9.797799613815602982e+01
9.811771817731863621e+01
9.813498759486476786e+01
9.834774222666997900e+01
9.855319255888427676e+01
9.855616091003858514e+01
9.873092564766611190e+01
9.874472203840649343e+01
9.878553673665741997e+01
9.892160261697348744e+01
9.893912846044644027e+01
9.910948520266229878e+01
9.928794423236351463e+01
9.935876376289446910e+01
9.935940439775620803e+01
9.939323713202739441e+01
9.948919008146377507e+01
9.988650642826121384e+01
9.998642300317011689e+01
1.000165069728711273e+02
1.001170207256652844e+02
1.001946704263430519e+02
1.003460129493559947e+02
1.003573276510855834e+02
1.005004684991592256e+02
1.005783971010662157e+02
1.009080592288429870e+02
1.009498948378418959e+02
1.010500312075763958e+02
1.013188973051332482e+02
1.013297126048997825e+02
1.016065379975836578e+02
1.017229765859394490e+02
1.017300013509685641e+02
1.017658065926113835e+02
1.018889656921235201e+02
1.018959382848629929e+02
1.019832064577724822e+02
1.020256533709236209e+02
1.021226529899711011e+02
1.021273351138988943e+02
1.023325463983865831e+02
1.026955658359010215e+02
1.030425494023501898e+02
1.031810396680463100e+02
1.031949757879296925e+02
1.033369663610457252e+02
1.033394557832739764e+02
1.033416929780474192e+02
1.033807915550691376e+02
1.034478603225613114e+02
1.035950052148196932e+02
1.037099837875087758e+02
1.037690252862483504e+02
1.038009944025041875e+02
1.043861472786698812e+02
1.044416914576808892e+02
1.045017276625233364e+02
1.045195953417687917e+02
1.046779770118325246e+02
1.047962902356361781e+02
1.048212350885815027e+02
1.048298323942717474e+02
1.049439319763454677e+02
1.050502114857877842e+02
1.050821300706551540e+02
1.053834455112936581e+02
1.053998219396131191e+02
1.054564442868634586e+02
1.057440011301434311e+02
1.057984268444127878e+02
1.059001833461857984e+02
1.059508657764867081e+02
1.059829159494934032e+02
1.063962930024065798e+02
1.064489434599911277e+02
1.066734687106759338e+02
1.066995992919243292e+02
1.067235653000622193e+02
1.067267282049717778e+02
1.068321877908593791e+02
1.068781576962766025e+02
1.070779315021592879e+02
1.071420268136295704e+02
1.074868350477496506e+02
1.075073562655757371e+02
1.077103248160487254e+02
1.078602025465161489e+02
1.080075717509051572e+02
1.081938650119866168e+02
1.083370042232469928e+02
1.084354130982893452e+02
1.084494824968820978e+02
1.084527891882170962e+02
1.087064275183985274e+02
1.088023082873416030e+02
1.089615355412347668e+02
1.090272213772617533e+02
1.090396992936791492e+02
1.090530736685907840e+02
1.091687715500852534e+02
1.092250371220776657e+02
1.092474170895668237e+02
1.093150646909077608e+02
1.093217009959871007e+02
1.094089215392195911e+02
1.094402548188808311e+02
1.095999855478840317e+02
1.096371443876020493e+02
1.096978817385215734e+02
1.096990505971266714e+02
1.097065711193573350e+02
1.097564103690659039e+02
1.098217912539438998e+02
1.099134254642930841e+02
1.099479089358005268e+02
1.100666473472394387e+02
1.102633460976797437e+02
1.104146911615494986e+02
1.104187336631892720e+02
1.104842238473394787e+02
1.104953092024204295e+02
1.105230223306989075e+02
1.109547405962218534e+02
1.109701134864391605e+02
1.110392060820600619e+02
1.111354803255561876e+02
1.112567026570419557e+02
1.113387208994457609e+02
1.113397027889842121e+02
1.113792237725839982e+02
1.114521450819412678e+02
1.114613419736516704e+02
1.115045167627600335e+02
1.115078934473305878e+02
1.115160772162913929e+02
1.115666483016449462e+02
1.115808871522374091e+02
1.116647138926292229e+02
1.117816597489450601e+02
1.119428973208561331e+02
1.119652304582819227e+02
1.119835605717954365e+02
1.119946054535239455e+02
1.120957838649943596e+02
1.122183633589455241e+02
1.122215729336191288e+02
1.124967923390640152e+02
1.125021293876319106e+02
1.125800644764414784e+02
1.127035284768476089e+02
1.129082988320930809e+02
1.130335055793802894e+02
1.131953171666399669e+02
1.132367854415546162e+02
1.134054308984894135e+02
1.134137815434652339e+02
1.136389865753437505e+02
1.137183037436316368e+02
1.138882935045981952e+02
1.139484996017916956e+02
1.140516635019637022e+02
1.141264032833595792e+02
1.142579270668582723e+02
1.142664425568471671e+02
1.142726675599790696e+02
1.143010502757330613e+02
1.143184314243845705e+02
1.145238349800848141e+02
1.145485803959028743e+02
1.149209906768462872e+02
1.149620729892794344e+02
1.149821766996773249e+02
1.151380980094367601e+02
1.152455996299709113e+02
1.153145541408432564e+02
1.153956039707548200e+02
1.155226158647277117e+02
1.155485518592963814e+02
1.161094149825011499e+02
1.164774789802901580e+02
1.165825542893034168e+02
1.166048114671503129e+02
1.167188262466778497e+02
1.167263199838612735e+02
1.167294331955136357e+02
1.167592310708275249e+02
1.168213366010148633e+02
1.170240385935339447e+02
1.171539288914157311e+02
1.172896826818906675e+02
1.173451070398314044e+02
1.173875618931003544e+02
1.174339304581550891e+02
1.178733368473067458e+02
1.178774304215111357e+02
1.180791947206867150e+02
1.181656298948219757e+02
1.182233648029254454e+02
1.183525569596743310e+02
1.184192403900342470e+02
1.186259310241610194e+02
1.188568938721230523e+02
1.189116637422584546e+02
1.189440745329669653e+02
1.190338092451610521e+02
1.192772648391134140e+02
1.193009209290084129e+02
1.193984630747783768e+02
1.194983108748009357e+02
1.196304038763136219e+02
1.196445104392838914e+02
1.197703269301966031e+02
1.200100522508255239e+02
1.200298587069035392e+02
1.200569796660722517e+02
1.204123973699583985e+02
1.204323616754339099e+02
1.206250406522095773e+02
1.206928227464649268e+02
1.207212224434643701e+02
1.209258230436388573e+02
1.209847567761948568e+02
1.210570797631049658e+02
1.211015887590227464e+02
1.211914708932912532e+02
1.212093266230530162e+02
1.212589337136893590e+02
1.216076495178714794e+02
1.216375081059138807e+02
1.217444338443655880e+02
1.217837662648044841e+02
1.219322554338751985e+02
1.219462821118362115e+02
1.222963431572786561e+02
1.223568182494951344e+02
1.223837436038449056e+02
1.223913773761004933e+02
1.224099811701109530e+02
1.224833310046539054e+02
1.225244295126344269e+02
1.227009705010466405e+02
1.227573382201152015e+02
1.227859351438127931e+02
1.228819450354701388e+02
1.230046272961660776e+02
1.230229044909346641e+02
1.230412510179477437e+02
1.230449870907486911e+02
1.231783201028276693e+02
1.232873263553423726e+02
1.233516917723058981e+02
1.235375910213735153e+02
1.237014108534904437e+02
1.237894439548540362e+02
1.239921450175069424e+02
1.240151922025440001e+02
1.240270615046830329e+02
1.240584982852558369e+02
1.240643763959288322e+02
1.241401278002122268e+02
1.244159659207524271e+02
1.244199797623933677e+02
1.244330031503916842e+02
1.244931874752218732e+02
1.247648083406094770e+02
1.248028109017151621e+02
1.248735831520922943e+02
1.248778293253923977e+02
1.248938864905260431e+02
1.253253615989793843e+02
1.256609420297613724e+02
1.256614372520587608e+02
1.259647013319266478e+02
1.260666222932835012e+02
1.262690557499811490e+02
1.263297049768903548e+02
1.264021885837601360e+02
1.264692971337110237e+02
1.265792176574175869e+02
1.265942594028385315e+02
1.265973026009305329e+02
1.266341094097319058e+02
1.267560792444859885e+02
1.267786255499296431e+02
1.268905373908628462e+02
1.272409004298857695e+02
1.272507610692579476e+02
1.273624189776484030e+02
1.274210727616241172e+02
1.276236759238434644e+02
1.276431740337493324e+02
1.277611430213873689e+02
1.279432301075471372e+02
1.282325733462851645e+02
1.283475369697836186e+02
1.284162882310447742e+02
1.285124817165998650e+02
1.287156650075366429e+02
1.288002039167435555e+02
1.288032897485169599e+02
1.290705802992468705e+02
1.291875460528479778e+02
1.293004058072359328e+02
1.293246990070377365e+02
1.294322527064045403e+02
1.294823178628941207e+02
1.295876529764628344e+02
1.295989242833410913e+02
1.297061735151876860e+02
1.304503458061581398e+02
1.304552871060475638e+02
1.308332734173037863e+02
1.308855139855492382e+02
1.310901173316508164e+02
1.312426203373442490e+02
1.313263258479369142e+02
1.314604385265221822e+02
1.316712354366180193e+02
1.317230104444828953e+02
1.317626163669619928e+02
1.318727559986792244e+02
1.320377017829763417e+02
1.321813701198583999e+02
1.323412266675031788e+02
1.323984229171773563e+02
1.325687067278159361e+02
1.325815138240812985e+02
1.326601473869157246e+02
1.326607249174673484e+02
1.326999678365616546e+02
1.327456112928245773e+02
1.327960579963434498e+02
1.329149556465465594e+02
1.329641491808177136e+02
1.330236956393740968e+02
1.330508167042472962e+02
1.330975377443023717e+02
1.331233202540556704e+02
1.331309215628812126e+02
1.332234165224130606e+02
1.333337426699201558e+02
1.334303670429349893e+02
1.334926348044366762e+02
1.335404038389146706e+02
1.337394251111041399e+02
1.338126309165843111e+02
1.338778663557358470e+02
1.338804640111300444e+02
1.339222047992711282e+02
1.339700399357610081e+02
1.340209264871808159e+02
1.341077175926673419e+02
1.341839893031026349e+02
1.342776144389301294e+02
1.344223817518088140e+02
1.345900387919573404e+02
1.347166672663404654e+02
1.350279471388408865e+02
1.350297872232991665e+02
1.350515752143704162e+02
1.350523343762235697e+02
1.351565976688643502e+02
1.353849058698710053e+02
1.354128088042987770e+02
1.356745857209211579e+02
1.356808017111150377e+02
1.359532746034150534e+02
1.359966028513456990e+02
1.360072968974849061e+02
1.360738251523748374e+02
1.361035010086826560e+02
1.361370305079418301e+02
1.361737448866579712e+02
1.363362131886545114e+02
1.364136839024683354e+02
1.364509799720436831e+02
1.365452264481391467e+02
1.366711576206039638e+02
1.367029887948247620e+02
1.367563554282206724e+02
1.367693533241728119e+02
1.367893386809450362e+02
1.369036320502076478e+02
1.369236527063560231e+02
1.369981311563292365e+02
1.371215902562732083e+02
1.371328933446252449e+02
1.372166672318820702e+02
1.372463143278913265e+02
1.375758006250721053e+02
1.376418774622047749e+02
1.378058633339483094e+02
1.378857644589476763e+02
1.378902027638756635e+02
1.379904833622331068e+02
1.382929034142455862e+02
1.383849362565209731e+02
1.385559664779917455e+02
1.387715611310071608e+02
1.387974485375908102e+02
1.388212799470088328e+02
1.389156926534797947e+02
1.389686303967131664e+02
1.391518018949300597e+02
1.393820835303013439e+02
1.394256895781437038e+02
1.394527223396045486e+02
1.396043742691837792e+02
1.396365058814571967e+02
1.398094487740090983e+02
1.398645681040846398e+02
1.399746946544051696e+02
1.399847358561342787e+02
1.400825150630408302e+02
1.401426206768371117e+02
1.402309566872437756e+02
1.402493506787360786e+02
1.403828628092109341e+02
1.405814922355321244e+02
1.406059212682009729e+02
1.406159822893272633e+02
1.406183745353204131e+02
1.407210888041253725e+02
1.408145073014577520e+02
1.408936268427960954e+02
1.409200165090902317e+02
1.409695947755967609e+02
1.410598523803506907e+02
1.411285225518498692e+02
1.415690358681879957e+02
1.415837050294495327e+02
1.417024967856915794e+02
1.417543017457726080e+02
1.418101982783377935e+02
1.419366405644796885e+02
1.420545478220116706e+02
1.425284865027981027e+02
1.425422283152117586e+02
1.425532220402158146e+02
1.426820803167831571e+02
1.427684470418299441e+02
1.428004897010749517e+02
1.428087647698097271e+02
1.428177198569161135e+02
1.430423317081626635e+02
1.430636346113486468e+02
1.431026979106433998e+02
1.431284010936529683e+02
1.431722510171340161e+02
1.431794461532071807e+02
1.432526473854097446e+02
1.432596480700474899e+02
1.434207702742634183e+02
1.434473900050318491e+02
1.435250454741467081e+02
1.437371377557956862e+02
1.438423709598366997e+02
1.439185045230941853e+02
1.439577101273426081e+02
1.439982069374649996e+02
1.441089178525219836e+02
1.446228675199927238e+02
1.447312908926892590e+02
1.448128864437860557e+02
1.449440609962053372e+02
1.450066482890035786e+02
1.450128509733519024e+02
1.450954723993662867e+02
1.454115927420958201e+02
1.454308666583899026e+02
1.455479865342367418e+02
1.455704176686109577e+02
1.456471676112136038e+02
1.456573350595838292e+02
1.457171862253684083e+02
1.458583118912226553e+02
1.459010172673712020e+02
1.460103533946588072e+02
1.461690476589504328e+02
1.464310211282208627e+02
1.464577622969924278e+02
1.465087309102838731e+02
1.465252674448161088e+02
1.470143329410209105e+02
1.472760638507367617e+02
1.473537074106166642e+02
1.475382445098228743e+02
1.476118412053527038e+02
1.477095476902148903e+02
1.477188825881691798e+02
1.478596427316847439e+02
1.478733064652076337e+02
1.480482153387011692e+02
1.482005542454030262e+02
1.483239097523123746e+02
1.483275927891175172e+02
1.483637081931226760e+02
1.483942402070405819e+02
1.484388902332425459e+02
1.484480625972997814e+02
1.487244577273889945e+02
1.488051570292653025e+02
1.488416168414600520e+02
1.488921975845707095e+02
1.489514739447949694e+02
1.490432517118170495e+02
1.491157525370215922e+02
1.493675682416733537e+02
1.494362774929654449e+02
1.499211038195014680e+02
1.501117703308343039e+02
1.501351541992182490e+02
1.504019341452771243e+02
1.504143054232281145e+02
1.505843783806291754e+02
1.506322825424958864e+02
1.508426349193202043e+02
1.510451732112357774e+02
1.512091244770715264e+02
1.513652037464279658e+02
1.514015419333871364e+02
1.514099800663072131e+02
1.514615605627814432e+02
1.514806190651181055e+02
1.515993473802158462e+02
1.516418274228371672e+02
1.520131864530498831e+02
1.521156219645035037e+02
1.522884894820444970e+02
1.523027063029211661e+02
1.525007669572548252e+02
1.527568471021164385e+02
1.528236071161712744e+02
1.529168117711537604e+02
1.530615478445869542e+02
1.530807654754324005e+02
1.531505947302540278e+02
1.532014547118209862e+02
1.532172809229255108e+02
1.532630938711711792e+02
1.532701546074415830e+02
1.532727696954384555e+02
1.532872914986713226e+02
1.536172868326690377e+02
1.536970331093248490e+02
1.540346508925132696e+02
1.540913019716140866e+02
1.541286718944471659e+02
1.541992225919248938e+02
1.542571172809875577e+02
1.542682847310474017e+02
1.543706796514871371e+02
1.543950191476869804e+02
1.544916691761375489e+02
1.545967088600700095e+02
1.546131992552254530e+02
1.546195304761205023e+02
1.547712900254429087e+02
1.548328716876520446e+02
1.548388640776624356e+02
1.553660572753360896e+02
1.553720089834785369e+02
1.554907648848285646e+02
1.559022946925942676e+02
1.559296305542899859e+02
1.559449747404133575e+02
1.559579155810157545e+02
1.559940520516098559e+02
1.560047043719650048e+02
1.561225223189578344e+02
1.561289539653377858e+02
1.562001710905812502e+02
1.567714590792612341e+02
1.569396439569289043e+02
1.570351521645908974e+02
1.570717170478995968e+02
1.571695059621814892e+02
1.572443807177694453e+02
1.572999078339011021e+02
1.573139157264871244e+02
1.575316028324683373e+02
1.575913473854476194e+02
1.576129918036537561e+02
1.576588403219920451e+02
1.577123060154540610e+02
1.578880637905631090e+02
1.580203448228490402e+02
1.581670106554660720e+02
1.581681199114682386e+02
1.582219317141123440e+02
1.582875831862161533e+02
1.582895210701628059e+02
1.583196063405650023e+02
1.584624388087364366e+02
1.584771855804698362e+02
1.585538240849963358e+02
1.585780569606040160e+02
1.585792764436288849e+02
1.586068783398139033e+02
1.589793238421281956e+02
1.591410391579243537e+02
1.594618739129434744e+02
1.595287884753545882e+02
1.595404122207741011e+02
1.596198105684742643e+02
1.596803933315829624e+02
1.598664124203229449e+02
1.598767356519315967e+02
1.599437258254945675e+02
1.599599834438663493e+02
1.599992397033677207e+02
1.601329356911701893e+02
1.601975655104993450e+02
1.602447081001415086e+02
1.602948742541573779e+02
1.603563904702490674e+02
1.605101098904385140e+02
1.607327507420708912e+02
1.610436065483731340e+02
1.611982075114187012e+02
1.612361005739791153e+02
1.613526189674472278e+02
1.614101737167837030e+02
1.614395666208085913e+02
1.616233709934276419e+02
1.616272894051020046e+02
1.618593256144060319e+02
1.619212182078899502e+02
1.620226089710234021e+02
1.621303000945950146e+02
1.623557917844009069e+02
1.624570360736013299e+02
1.625522106600124062e+02
1.625591083800906063e+02
1.626321741842895392e+02
1.626484459616652032e+02
1.627821711535794691e+02
1.628539606268120110e+02
1.629679752614791539e+02
1.629722318734207818e+02
1.629810922668876287e+02
1.631070843048859160e+02
1.631145657478493831e+02
1.631219580405362706e+02
1.631231762785372439e+02
1.634366789271592211e+02
1.635704325314607956e+02
1.636140122950341720e+02
1.636491860931571694e+02
1.636922187382238576e+02
1.638412303581970093e+02
1.639495152599598669e+02
1.639699959754708800e+02
1.639891252636163870e+02
1.639994832127358109e+02
1.641074532537391519e+02
1.642520036336615306e+02
1.642827984286168999e+02
1.642849151704620567e+02
1.642934896612077580e+02
1.646372551614914812e+02
1.646722740180218523e+02
1.648189044223522615e+02
1.649168976729010581e+02
1.649650145884839958e+02
1.649880423903795759e+02
1.650009833992852748e+02
1.650964379621332228e+02
1.652454408179673067e+02
1.653486963813236912e+02
1.654242629440923338e+02
1.654285486028232413e+02
1.657742897557986055e+02
1.659345927006830550e+02
1.659692399935468075e+02
1.663602940508185384e+02
1.664523946312654914e+02
1.665397231814699808e+02
1.666775848442904930e+02
1.668445937976748894e+02
1.669514443867496993e+02
1.669651519529477355e+02
1.670064413421792722e+02
1.672696664928216990e+02
1.672951061316088044e+02
1.673416542425500779e+02
1.673982311652219437e+02
1.674561068193142717e+02
1.675510242673694847e+02
1.678376278057475020e+02
1.678651626781749258e+02
1.678781167719754137e+02
1.679001154371647999e+02
1.681180857452748683e+02
1.682218781533825052e+02
1.682555523311704064e+02
1.684248054499478826e+02
1.686224001238678625e+02
1.688098149366659584e+02
1.690610548909933755e+02
1.690901223482348428e+02
1.692307891703171379e+02
1.692925077411023551e+02
1.694770228498097140e+02
1.696073987300031831e+02
1.697572096053897326e+02
1.698639680244581598e+02
1.698835000442205683e+02
1.699622517466397937e+02
1.703800444061414794e+02
1.706571243449422184e+02
1.706615376895539669e+02
1.706795478696690509e+02
1.706936729836843085e+02
1.708231283690903410e+02
1.709933853471599150e+02
1.710174030479949181e+02
1.710878952093788712e+02
1.712715937164266506e+02
1.714035700782913807e+02
1.714817104927867604e+02
1.715709551432437650e+02
1.716419561082506107e+02
1.716772739932507648e+02
1.717605199739975887e+02
1.718772793371072680e+02
1.720838907446180031e+02
1.721850309601054789e+02
1.723282109980640371e+02
1.723456548651129481e+02
1.724075623169795790e+02
1.724084998601960308e+02
1.724368262269318279e+02
1.725664575954929489e+02
1.730469411395815769e+02
1.730573859105526822e+02
1.731087178362248267e+02
1.732696971181150047e+02
1.732925172042411646e+02
1.733735043954759192e+02
1.735055817637327209e+02
1.736012892474491878e+02
1.736221177875125363e+02
1.736660279245648439e+02
1.738191792620542344e+02
1.738999736955738626e+02
1.739004980291572906e+02
1.740436233358400671e+02
1.740472183235712293e+02
1.741841556697065414e+02
1.742067805765717310e+02
1.745239642485277045e+02
1.745698414626566546e+02
1.746094322970869825e+02
1.746255534579204891e+02
1.746620247765553700e+02
1.748712983377730268e+02
1.754321729608439284e+02
1.754781085376708063e+02
1.755376399437218424e+02
1.756656788808463432e+02
1.758830064487926563e+02
1.759729115516605304e+02
1.760225916116061171e+02
1.760758002559211377e+02
1.761947474827967142e+02
1.761950698281319490e+02
1.762917202200212046e+02
1.763356471811941901e+02
1.764937309300052561e+02
1.765034911809042342e+02
1.765922134798420302e+02
1.766577933960313942e+02
1.767606065956788655e+02
1.767673118135299433e+02
1.768540580102387594e+02
1.769364940422990458e+02
1.770187422316091101e+02
1.771112470448798604e+02
1.772240927506622370e+02
1.773875626816738418e+02
1.774190092002864674e+02
1.775933343691675930e+02
1.776623008307935550e+02
1.776703197495398854e+02
1.776763532521473792e+02
1.777170356029834011e+02
1.778706994219230921e+02
1.779936903603251608e+02
1.781490977599725340e+02
1.782219273432940554e+02
1.782799447344838484e+02
1.782958973729065235e+02
1.783356757544397624e+02
1.783925952961616872e+02
1.784018726833219546e+02
1.784267973055200116e+02
1.785179836835658875e+02
1.786510367742568519e+02
1.792915840623202541e+02
1.795620596227606995e+02
1.796649398537409752e+02
1.797196279847358369e+02
1.798207368643138295e+02
1.799747521277881503e+02
1.799873465742367671e+02
1.800400937293537424e+02
1.802232283805375346e+02
1.802716520975660330e+02
1.803564854671870421e+02
1.804451026954402266e+02
1.804654951692352540e+02
1.805104737786901410e+02
1.805511971390990027e+02
1.805538517346204799e+02
1.805563006537475417e+02
1.807344996149614644e+02
1.807663922356044566e+02
1.808393896949763189e+02
1.808748752939843030e+02
1.811573548976001575e+02
1.811873704194202048e+02
1.812435221210620568e+02
1.814496667643736032e+02
1.816341407514718185e+02
1.816547327027408869e+02
1.818170069604657613e+02
1.818782903751140054e+02
1.819442555948693894e+02
1.819585826005591684e+02
1.819669861647664959e+02
1.820971591749116385e+02
1.821657686163713095e+02
1.822231896667854301e+02
1.823539410269169423e+02
1.824989764968136683e+02
1.825162819398896943e+02
1.826105005411813806e+02
1.826250440611341617e+02
1.827642250499168881e+02
1.828712144599784892e+02
1.831849777385745313e+02
1.831921228293253705e+02
1.831979975320078609e+02
1.832311521613673335e+02
1.832614934345029667e+02
1.832898596241325322e+02
1.835265768715541697e+02
1.835552845904105368e+02
1.835870231079759662e+02
1.837294843333356766e+02
1.837892207432221880e+02
1.839391493830480329e+02
1.839459094269242314e+02
1.840127687761346067e+02
1.840161879286283977e+02
1.840226581237794505e+02
1.842595706355940024e+02
1.842745652154986544e+02
1.843505838436048805e+02
1.844035329857967440e+02
1.844462033913561925e+02
1.846762953850570739e+02
1.846785018899925603e+02
1.847875037280758193e+02
1.851182592260226443e+02
1.852003955120507328e+02
1.854765761573426346e+02
1.854819434411722057e+02
1.855362083264019475e+02
1.855663401610570133e+02
1.856975780173643216e+02
1.860954856352484796e+02
1.861251283300068451e+02
1.862313104559898420e+02
1.862533872975032807e+02
1.863367041717180825e+02
1.863990536885353038e+02
1.867566278016261094e+02
1.868504117444298913e+02
1.868934141221051846e+02
1.869055287664627372e+02
1.869219274528348933e+02
1.869474575803489813e+02
1.869763547589051313e+02
1.871664783083314489e+02
1.872488546568431218e+02
1.873229605213216757e+02
1.873351511719558005e+02
1.875318622883713147e+02
1.876601690495587036e+02
1.876671757188306628e+02
1.877902194088909198e+02
1.878686444389526571e+02
1.878771703134996187e+02
1.879384747255602974e+02
1.880047746074017994e+02
1.880228997651639702e+02
1.883142194579039312e+02
1.885039150387273992e+02
1.886144854777534192e+02
1.886765301017203171e+02
1.887295930688960084e+02
1.888348538023274159e+02
1.889136945497577926e+02
1.889201242027605190e+02
1.889919712449539304e+02
1.891561692237907550e+02
1.892176471733039875e+02
1.892229826706548295e+02
1.893772906813359498e+02
1.893997756547045412e+02
1.894296999637793704e+02
1.894476971581211160e+02
1.894877770191682771e+02
1.896291441939499407e+02
1.897024132473023315e+02
1.897253396307810362e+02
1.899355738709075752e+02
1.901472523760155582e+02
1.903517203940257900e+02
1.903790058106664844e+02
1.904390151003097174e+02
1.908589166728027067e+02
1.910067631100209837e+02
1.910095174378846821e+02
1.910162601966665932e+02
1.910786095064437120e+02
1.913185413614090749e+02
1.913959124200094664e+02
1.914647905939143584e+02
1.914759366913660301e+02
1.915828750856791203e+02
1.917555302307421528e+02
1.918034015769388816e+02
