4.692680899768590930e-01
3.479389520894380361e+00
4.796135214439829930e+00
5.709077768215783166e+00
5.878702638678129588e+00
6.048298930592734379e+00
6.108137699201415138e+00
8.119368563681355511e+00
9.038450717308620597e+00
1.026970077901321154e+01
1.029050008701235086e+01
1.379405756217066248e+01
1.558048710552533755e+01
1.581917473077428404e+01
1.601985371952394743e+01
1.622246514235620296e+01
1.658521887181667864e+01
1.732914670267753365e+01
1.789468376945787043e+01
1.823890676201181194e+01
1.918527763591161062e+01
1.933551216463894917e+01
1.968102767664135300e+01
2.013730489486220065e+01
2.074623958272197655e+01
2.228417559375288803e+01
2.250691145588157838e+01
2.322894061091470519e+01
2.412644533222446697e+01
2.417400918198087467e+01
2.510934220263048644e+01
2.529630345460790153e+01
2.536356738548720458e+01
2.833725517899413404e+01
3.170788552145530659e+01
3.336021709426818660e+01
3.372350495423694383e+01
3.382628226923944936e+01
3.497903303233810846e+01
3.555912387492350746e+01
3.568927610887795510e+01
3.637282333701210746e+01
3.640781705845558491e+01
3.880823994584861225e+01
3.910769772268929501e+01
4.019395352125427223e+01
4.056750010291189312e+01
4.130161099882111841e+01
4.209283479680291862e+01
4.229722339631082662e+01
4.579003052904705129e+01
4.728227590618519116e+01
5.008737032547677615e+01
5.233952232301097496e+01
5.325057673539424741e+01
5.580001211466365163e+01
5.589266757361676952e+01
5.611080226824803674e+01
5.615708423393486726e+01
5.655061632073795153e+01
5.704274661253217005e+01
5.735930705574099875e+01
5.912386492098193003e+01
5.956509192051179724e+01
5.989489476064604645e+01
6.067730184385379033e+01
6.082919999167442171e+01
6.244968358744915093e+01
6.252715945626046334e+01
6.686130579584778388e+01
6.834078957208929239e+01
6.856232901259518542e+01
6.856786643297111539e+01
7.025776321045724160e+01
7.148485911784428026e+01
7.279052202663227433e+01
7.426573655267578999e+01
7.434266581818958741e+01
7.478655849060581318e+01
7.490970859521026171e+01
7.689823816686848090e+01
7.787453935858086140e+01
7.827635815983215650e+01
7.834202622563694263e+01
7.871451457604729285e+01
7.910782878923141936e+01
8.041570457318915999e+01
8.143059393211518682e+01
8.361284584451669843e+01
8.425191197789300190e+01
8.437928437150850414e+01
8.562841071582509755e+01
8.705880346890195653e+01
8.788269096378778045e+01
8.935658093050913919e+01
9.003739566201942068e+01
9.077707450079668661e+01
9.133488869470511418e+01
9.136063646869523325e+01
9.147480390388709282e+01
9.150673758518014722e+01
9.251846713610770223e+01
9.289586384490280579e+01
9.360630102203700176e+01
9.598756655188297771e+01
9.627430537486627316e+01
9.680258734974894708e+01
9.821133649728753312e+01
9.847114165420492782e+01
9.855124593275510847e+01
9.889338623664217209e+01
9.906919459514223547e+01
1.017241446810228638e+02
1.033750317615074295e+02
1.043785259520279567e+02
1.064300456825487657e+02
1.080580146232893242e+02
1.082645100996479641e+02
1.104953235048835296e+02
1.112704234068497016e+02
1.129177716981532740e+02
1.151820143474395053e+02
1.155647450638578277e+02
1.156813372239816715e+02
1.159400239701210467e+02
1.164970816628696610e+02
1.182009113895086045e+02
1.201722563613884347e+02
1.201792327705700814e+02
1.208941089299086400e+02
1.214343822508273121e+02
1.216855495891031325e+02
1.218132299806487850e+02
1.222251385605112119e+02
1.250882596832023665e+02
1.254786434860838398e+02
1.262100962918439961e+02
1.274241832687248461e+02
1.278761577676918080e+02
1.314439559059835005e+02
1.347259657705249083e+02
1.350160270655171075e+02
1.357036863439809622e+02
1.360616168040600087e+02
1.363968664804410764e+02
1.364344509582066109e+02
1.373749430291892111e+02
1.380734626620188408e+02
1.381263137493992303e+02
1.384529396704095916e+02
1.408418006214989191e+02
1.411156611736410014e+02
1.412721920346264710e+02
1.419444641441000954e+02
1.461885011267153516e+02
1.464656459402750670e+02
1.475808009505723533e+02
1.490146885768118068e+02
1.492860217491476078e+02
1.505887706776399284e+02
1.510472934769042297e+02
1.520477972246360139e+02
1.530516350517736441e+02
1.538190203017259989e+02
1.539136494605376129e+02
1.557172942547839227e+02
1.561041045484513177e+02
1.563105366550588826e+02
1.563521664148532295e+02
1.572459448194478000e+02
1.583777965537151431e+02
1.583945235012736248e+02
1.591121540858231072e+02
1.593689782328780780e+02
1.604051025744257686e+02
1.605967067969648951e+02
1.617709193245326276e+02
1.622598780255137285e+02
1.650202218433180406e+02
1.651681662567573312e+02
1.655852986907524951e+02
1.657057429757894909e+02
1.682919333729402069e+02
1.703902670801012107e+02
1.706885944501626966e+02
1.717673571892066207e+02
1.734668412618458433e+02
1.742769736225323527e+02
1.750312530327263119e+02
1.753081300781642256e+02
