3.596666666666666762e-02
2.414999999999999925e-01
2.670000000000000151e-01
2.949999999999999845e-01
2.994999999999999885e-01
3.114999999999999991e-01
3.327999999999999847e-01
4.677999999999999936e-01
5.286999999999999478e-01
7.054000000000000270e-01
7.886666666666666270e-01
7.927333333333332899e-01
3.976966666666666761e+00
1.333686666666666731e+01
1.431623333333333292e+01
1.500680000000000014e+01
1.892526666666666557e+01
1.971936666666666582e+01
2.111833333333333229e+01
2.316296666666666582e+01
2.404856666666666598e+01
2.640603333333333325e+01
2.759023333333333383e+01
2.759513333333333307e+01
2.854863333333333486e+01
2.863146666666666817e+01
2.937249999999999872e+01
3.166093333333333248e+01
3.195743333333333425e+01
3.238993333333333169e+01
3.267523333333333113e+01
3.323816666666666464e+01
3.339130000000000109e+01
3.534013333333333406e+01
3.598160000000000025e+01
3.774496666666667011e+01
3.774889999999999901e+01
3.775386666666666713e+01
3.776323333333333210e+01
3.776740000000000208e+01
3.832143333333333146e+01
4.007909999999999684e+01
4.113056666666666672e+01
4.124396666666666533e+01
4.284513333333333662e+01
4.377203333333333291e+01
4.405786666666666918e+01
4.505416666666666714e+01
4.614656666666666496e+01
4.725726666666666631e+01
4.931526666666666614e+01
4.940963333333333196e+01
4.941366666666666418e+01
4.954599999999999937e+01
4.972653333333333592e+01
4.983619999999999806e+01
5.024093333333333078e+01
5.122896666666666476e+01
5.169356666666666911e+01
5.188870000000000005e+01
5.195289999999999964e+01
5.426883333333333326e+01
5.427966666666666384e+01
5.546393333333333686e+01
5.578493333333333482e+01
5.746633333333333127e+01
5.771900000000000119e+01
5.783943333333333214e+01
5.961639999999999873e+01
6.032013333333333094e+01
6.104883333333333439e+01
6.446886666666667054e+01
6.528906666666667036e+01
6.569736666666666736e+01
6.640766666666667106e+01
6.707349999999999568e+01
6.880190000000000339e+01
6.900206666666666422e+01
7.171956666666666536e+01
7.251523333333332744e+01
7.328863333333333685e+01
7.341913333333333469e+01
7.470019999999999527e+01
7.602689999999999770e+01
7.709130000000000393e+01
7.766003333333333103e+01
7.858880000000000621e+01
8.034669999999999845e+01
8.035479999999999734e+01
8.035993333333333055e+01
8.036556666666666615e+01
8.108023333333333937e+01
8.299246666666667238e+01
8.350303333333333455e+01
8.374760000000000559e+01
8.375773333333333426e+01
8.385726666666666063e+01
8.719459999999999411e+01
9.046949999999999648e+01
9.047883333333332700e+01
9.057789999999999964e+01
9.274646666666666306e+01
9.330743333333333567e+01
9.420963333333332912e+01
9.689996666666667124e+01
9.899293333333334033e+01
1.027561333333333380e+02
1.029795000000000016e+02
1.033587333333333333e+02
1.048758333333333326e+02
1.059717333333333329e+02
1.060738333333333401e+02
1.080460999999999956e+02
1.099188666666666734e+02
1.117900333333333265e+02
1.127090333333333376e+02
1.129683333333333337e+02
1.140832999999999942e+02
1.147968333333333391e+02
1.177968000000000046e+02
1.207801666666666733e+02
1.214603333333333381e+02
1.222008000000000010e+02
1.228910999999999945e+02
1.291193666666666786e+02
1.300834999999999866e+02
1.305101333333333287e+02
1.307547000000000139e+02
1.311428333333333285e+02
1.311565333333333285e+02
1.314685000000000059e+02
1.314753000000000043e+02
1.324219666666666626e+02
1.325519333333333236e+02
1.325670000000000073e+02
1.340643666666666718e+02
1.378362999999999943e+02
1.388349666666666735e+02
1.423143333333333374e+02
1.423257666666666807e+02
1.426536333333333459e+02
1.430389000000000124e+02
1.434374333333333311e+02
1.442694333333333248e+02
1.459901666666666529e+02
1.463034000000000106e+02
1.468358333333333405e+02
1.503828666666666720e+02
1.534936333333333209e+02
1.540488000000000000e+02
1.544781999999999869e+02
1.557364000000000033e+02
1.563055666666666639e+02
1.565248333333333335e+02
1.565318000000000040e+02
1.573843333333333305e+02
1.575278333333333194e+02
1.579000333333333401e+02
1.583705333333333272e+02
1.616331666666666536e+02
1.639615333333333353e+02
1.656633999999999958e+02
1.658044999999999902e+02
1.675166999999999859e+02
1.680439666666666767e+02
1.684996666666666556e+02
1.689823666666666782e+02
1.693374333333333368e+02
1.721321333333333428e+02
1.742936333333333323e+02
1.751325999999999965e+02
1.769003999999999905e+02
1.781444666666666592e+02
1.824226333333333230e+02
1.826467000000000098e+02
1.854299333333333379e+02
1.872283666666666591e+02
1.876545999999999879e+02
1.882643999999999949e+02
1.892848666666666588e+02
1.945545333333333247e+02
1.959600666666666768e+02
1.975218000000000131e+02
1.978872666666666760e+02
2.009179333333333375e+02
2.009560666666666577e+02
2.014721666666666806e+02
2.016476333333333457e+02
2.044666333333333341e+02
2.060552999999999884e+02
2.103930000000000007e+02
2.109101333333333343e+02
2.127196000000000140e+02
2.131924666666666610e+02
2.165538333333333298e+02
2.167288666666666757e+02
2.170478999999999985e+02
2.171697000000000060e+02
2.175784666666666567e+02
2.227222999999999900e+02
2.227751000000000090e+02
2.236741333333333444e+02
2.259311666666666554e+02
2.266614333333333207e+02
2.269242000000000132e+02
2.270775333333333208e+02
2.275071000000000083e+02
2.301717999999999904e+02
2.307317666666666582e+02
2.328492333333333306e+02
2.334207333333333452e+02
2.362683666666666795e+02
2.369442999999999984e+02
2.369823666666666782e+02
2.410747000000000071e+02
2.455501333333333207e+02
2.483478333333333410e+02
2.518119666666666774e+02
2.539228666666666641e+02
2.545072666666666805e+02
2.545115333333333467e+02
2.545163000000000011e+02
2.565450666666666848e+02
2.594132666666666864e+02
2.609989333333333548e+02
2.613636666666666883e+02
2.627993000000000166e+02
2.632686333333333550e+02
2.640266333333333364e+02
2.641289333333333502e+02
2.643674666666666440e+02
2.652171666666666852e+02
2.652249333333333539e+02
2.652327666666666914e+02
2.692426666666666506e+02
2.711311000000000035e+02
2.716692333333333522e+02
2.750952333333333399e+02
2.769351333333333400e+02
2.816384333333333529e+02
2.829882666666666751e+02
2.836306000000000154e+02
2.899836666666666929e+02
2.923420666666666534e+02
2.926234666666666726e+02
2.926281333333333237e+02
2.933958666666666772e+02
2.946320999999999799e+02
2.998074666666666417e+02
3.014966999999999757e+02
3.033524666666666576e+02
3.047225666666666939e+02
3.056787666666666610e+02
3.091637999999999806e+02
3.106807666666666705e+02
3.149430333333333465e+02
3.207060666666666862e+02
3.208431666666666615e+02
3.221947666666666805e+02
3.226065666666666516e+02
3.232348000000000070e+02
3.235084666666666635e+02
3.242293000000000234e+02
3.279042333333333090e+02
3.292737666666666883e+02
3.301542666666666719e+02
3.368299999999999841e+02
3.390355999999999881e+02
3.425530666666666662e+02
3.470446000000000026e+02
3.511359666666666612e+02
3.563723333333333585e+02
3.570244999999999891e+02
3.572846666666666806e+02
3.587273666666666827e+02
3.593831666666666820e+02
3.596706666666666479e+02
3.597116333333333387e+02
3.602158999999999764e+02
3.634421666666666511e+02
3.646254000000000133e+02
3.659511666666666656e+02
3.669311999999999898e+02
3.672734666666666499e+02
3.684038333333333526e+02
3.696646666666666761e+02
3.714663333333333526e+02
3.714727666666666437e+02
3.720408333333333530e+02
3.730657333333333554e+02
3.743865999999999872e+02
3.743926666666666847e+02
3.747974666666666508e+02
3.750643000000000029e+02
3.753662333333333549e+02
3.765578333333333489e+02
3.770040000000000191e+02
3.784916000000000054e+02
3.801948666666666554e+02
3.819477666666666664e+02
3.865672666666666828e+02
3.870329333333333466e+02
3.870509000000000128e+02
3.870554000000000201e+02
3.871326000000000249e+02
3.871371333333333382e+02
3.871874000000000251e+02
3.871920999999999822e+02
3.872042333333333204e+02
3.876317999999999984e+02
3.926424333333333152e+02
3.929138666666666495e+02
3.935341999999999985e+02
3.954334333333333120e+02
3.963600333333333197e+02
3.966939666666666540e+02
3.982026000000000181e+02
3.997117999999999824e+02
4.001372999999999820e+02
4.012882333333333236e+02
4.041043999999999983e+02
4.062903999999999769e+02
4.100914999999999964e+02
4.137098333333333358e+02
4.157398000000000025e+02
4.157844666666666740e+02
4.171773666666666713e+02
4.176267333333333340e+02
4.181340333333333206e+02
4.182142000000000053e+02
4.186951000000000249e+02
4.260667666666666946e+02
4.285674333333333266e+02
4.329251666666666551e+02
4.389162333333333095e+02
4.391931999999999903e+02
4.456315999999999917e+02
4.481900999999999726e+02
4.483571000000000026e+02
4.483691666666666720e+02
4.489580000000000268e+02
4.535007333333333577e+02
4.535783333333333189e+02
4.536183333333333394e+02
4.572687333333333299e+02
4.572732333333333372e+02
4.575555666666666639e+02
4.580536666666666861e+02
4.592525999999999726e+02
4.604257666666666751e+02
4.606442333333333181e+02
4.615953000000000088e+02
4.637122333333333586e+02
4.673870999999999754e+02
4.713465666666666607e+02
4.713974999999999795e+02
4.734127666666666414e+02
4.734937333333333527e+02
4.748944000000000187e+02
4.755831000000000017e+02
4.777373666666666736e+02
4.804793666666666923e+02
4.815336333333333414e+02
4.846625000000000227e+02
4.854733666666666636e+02
4.874139666666666812e+02
4.921508999999999787e+02
4.929153666666666709e+02
4.940525000000000091e+02
4.991941666666666606e+02
4.998082666666666682e+02
5.022151999999999816e+02
5.024023333333333312e+02
5.049162999999999784e+02
5.088349999999999795e+02
5.095697333333333177e+02
5.100683000000000220e+02
5.100733333333333235e+02
5.100783333333333189e+02
5.102879333333333420e+02
5.103010333333333506e+02
5.103058666666666454e+02
5.113006666666666433e+02
5.129649666666666690e+02
5.137456666666666933e+02
5.139998000000000502e+02
5.196516333333332796e+02
5.205403999999999769e+02
5.253934666666666544e+02
5.284057333333333872e+02
5.289863666666666404e+02
5.290082999999999629e+02
5.318444666666666762e+02
5.323210666666666384e+02
5.333810333333333347e+02
5.340047666666666828e+02
5.378931666666666160e+02
5.380727000000000544e+02
5.387418333333333749e+02
5.395700000000000500e+02
5.404943333333333157e+02
5.425844333333333225e+02
5.446748333333333676e+02
5.448696333333333541e+02
5.460520000000000209e+02
5.468117333333333363e+02
5.504180333333333692e+02
5.530428333333333057e+02
5.581152333333333218e+02
5.614830666666666730e+02
5.625534333333333734e+02
5.636337666666667019e+02
5.698894000000000233e+02
5.815691000000000486e+02
5.858831999999999880e+02
5.870028333333333421e+02
5.883670333333333247e+02
5.892785666666666202e+02
5.916403333333333876e+02
5.941911999999999807e+02
5.949960999999999558e+02
5.950172999999999774e+02
5.963600000000000136e+02
5.982772666666667192e+02
5.996202333333333172e+02
6.006254333333333761e+02
6.033277666666666619e+02
6.063342666666666219e+02
6.093378000000000156e+02
6.114525333333333492e+02
6.141316333333332977e+02
6.156057666666666819e+02
6.179858333333332894e+02
6.201101333333333514e+02
6.243468666666666422e+02
6.282967333333333499e+02
6.307048333333333403e+02
6.318024666666666462e+02
6.325533666666666477e+02
6.326496333333333268e+02
6.329610666666666248e+02
6.343039999999999736e+02
6.344774333333333516e+02
6.351199000000000296e+02
6.351366333333332932e+02
6.356973666666666531e+02
6.360002333333333127e+02
6.362529333333333170e+02
6.365865666666666129e+02
6.371030333333333147e+02
6.386866666666666106e+02
6.427849666666667190e+02
6.441752000000000180e+02
6.472215666666667175e+02
6.479516666666667106e+02
6.482354666666666390e+02
6.487365999999999531e+02
6.487643666666666604e+02
6.494380999999999631e+02
6.497077333333332945e+02
6.499670333333333474e+02
6.511598000000000184e+02
6.533517000000000507e+02
6.566850333333333083e+02
6.592374666666667054e+02
6.631100666666666257e+02
6.652852000000000317e+02
6.687412666666666610e+02
6.694750000000000227e+02
6.719432666666666591e+02
6.722982666666666773e+02
6.723039666666666108e+02
6.723126999999999498e+02
6.727219666666666171e+02
6.744195666666666966e+02
6.750595666666666830e+02
6.753517000000000507e+02
6.816162666666666610e+02
6.823508333333332985e+02
6.830723333333332903e+02
6.838574333333333470e+02
6.863635333333332937e+02
6.864742333333333590e+02
6.869491000000000440e+02
6.871413999999999760e+02
6.888273000000000366e+02
6.907236000000000331e+02
6.969230999999999767e+02
6.980952666666667028e+02
7.005638666666666268e+02
7.050843666666667104e+02
7.154061000000000377e+02
7.154293999999999869e+02
7.157886333333333369e+02
7.169923666666666122e+02
7.174343999999999824e+02
7.189765999999999622e+02
7.201579000000000406e+02
7.222303000000000566e+02
7.240919666666666217e+02
7.263425333333333356e+02
7.268826999999999998e+02
7.281681333333333441e+02
7.306553000000000111e+02
7.322118000000000393e+02
7.341622999999999593e+02
7.349895333333333838e+02
7.350595333333333201e+02
7.366730666666666139e+02
7.381353000000000293e+02
7.392146333333333814e+02
7.406073999999999842e+02
7.473058333333333394e+02
7.490162333333333891e+02
7.517984999999999900e+02
7.518724666666666963e+02
7.523835333333333892e+02
7.556632333333333236e+02
7.563202666666666119e+02
7.576820666666666284e+02
7.579828999999999724e+02
7.665687000000000353e+02
7.685203666666666322e+02
7.690904000000000451e+02
7.701138666666666950e+02
7.714583999999999833e+02
7.720776333333333241e+02
7.732595333333333656e+02
7.777905333333333147e+02
7.793840999999999894e+02
7.826716000000000122e+02
7.827877666666666983e+02
7.828772000000000162e+02
7.851648999999999887e+02
7.877016666666667106e+02
7.885998333333333221e+02
7.886091666666666242e+02
7.886171000000000504e+02
7.886357333333332917e+02
7.886408999999999878e+02
7.886780999999999722e+02
7.888519333333333634e+02
7.894123666666666850e+02
7.897585000000000264e+02
7.897658333333333758e+02
7.903016999999999825e+02
7.908587666666666109e+02
7.923401333333333696e+02
7.939705000000000155e+02
7.969643999999999551e+02
7.971689666666666199e+02
7.981846333333332950e+02
7.981923666666666577e+02
7.999325333333333674e+02
8.007054000000000542e+02
8.017104333333332988e+02
8.017249666666666599e+02
8.031756666666666433e+02
8.037298666666666804e+02
8.042822666666667146e+02
8.055755666666666457e+02
8.070522999999999456e+02
8.073895999999999731e+02
8.089284333333333734e+02
8.102454333333333807e+02
8.116879666666666253e+02
8.137111999999999625e+02
8.139163666666667041e+02
8.142600999999999658e+02
8.146490000000000009e+02
8.177421000000000504e+02
8.205222999999999729e+02
8.213887666666666973e+02
8.226497333333333017e+02
8.228488333333333458e+02
8.244801999999999680e+02
8.244935333333332892e+02
8.276035000000000537e+02
8.276087666666666109e+02
8.276550666666666984e+02
8.276921999999999571e+02
8.277273999999999887e+02
8.277507666666666637e+02
8.277735666666666248e+02
8.290456333333332850e+02
8.319705333333333783e+02
8.345514333333333070e+02
8.346789999999999736e+02
8.360727000000000544e+02
8.396245333333333747e+02
8.398597666666667010e+02
8.432282999999999902e+02
8.474257333333333690e+02
8.486156999999999471e+02
8.495940333333333001e+02
8.496122666666666419e+02
8.496295666666666193e+02
8.500152666666666619e+02
8.506419666666666899e+02
8.508193999999999733e+02
8.532765666666666675e+02
8.540413999999999533e+02
8.541543000000000347e+02
8.600919999999999845e+02
8.620393333333333885e+02
8.631070666666666966e+02
8.634085999999999785e+02
8.675111000000000558e+02
8.676062333333333072e+02
8.695100666666667166e+02
8.700300333333333356e+02
8.700394999999999754e+02
8.704133333333332985e+02
8.716700666666666848e+02
8.721303333333332830e+02
8.745276666666666188e+02
8.769202333333333854e+02
8.784971333333332950e+02
8.804061666666666497e+02
8.808543333333333294e+02
8.808699333333332788e+02
8.817409000000000106e+02
8.817530333333332919e+02
8.854965333333333319e+02
8.858360666666666248e+02
8.870606999999999971e+02
8.882124666666666144e+02
8.898011999999999944e+02
8.899888666666666950e+02
8.909090666666667175e+02
8.917285000000000537e+02
8.926975666666667166e+02
8.936242333333333363e+02
8.936948666666667123e+02
8.937003999999999451e+02
8.937396333333333587e+02
8.950349666666667190e+02
8.954613000000000511e+02
8.954860666666667157e+02
8.963618333333333794e+02
8.966072666666666464e+02
8.966862333333333481e+02
8.971716000000000122e+02
9.015760000000000218e+02
9.071440000000000055e+02
9.071492333333333136e+02
9.090234000000000378e+02
9.091154333333333852e+02
9.115024333333333288e+02
9.134796000000000049e+02
9.156199000000000296e+02
9.158716666666666697e+02
9.160581666666666933e+02
9.162116999999999507e+02
9.181761999999999944e+02
9.206343666666666650e+02
9.212572333333333745e+02
9.221626333333333605e+02
9.231676333333333559e+02
9.233106000000000222e+02
9.275460000000000491e+02
9.287571000000000367e+02
9.305973000000000184e+02
9.332832333333333281e+02
9.357990999999999531e+02
9.375356666666666570e+02
9.376031333333332896e+02
9.378918666666667150e+02
9.395827666666666573e+02
9.399002666666666528e+02
9.412093666666667104e+02
9.412258333333332985e+02
9.423218666666666650e+02
9.448374000000000024e+02
9.496640333333333501e+02
9.497857999999999947e+02
9.515547000000000253e+02
9.561637333333333117e+02
9.564936000000000149e+02
9.569260333333332937e+02
9.592359333333333780e+02
9.593915333333333137e+02
9.594874999999999545e+02
9.599670333333333474e+02
9.619189333333333707e+02
9.632318999999999960e+02
9.633019333333332952e+02
9.633068333333333157e+02
9.634195999999999458e+02
9.642117666666666764e+02
9.685414333333333161e+02
9.687371333333333041e+02
9.704533999999999878e+02
9.718822666666666237e+02
9.719189333333333707e+02
9.721372999999999820e+02
9.723842666666666901e+02
9.725236999999999625e+02
9.727263333333332866e+02
9.728627999999999929e+02
9.791150333333333720e+02
9.791888666666666268e+02
9.791936666666666724e+02
9.792885999999999740e+02
9.792980666666666139e+02
9.802884000000000242e+02
9.814069666666666762e+02
9.826177666666666255e+02
9.865123333333333449e+02
9.883631666666666433e+02
9.886799999999999500e+02
9.895834333333333461e+02
9.924642000000000053e+02
9.941182333333333645e+02
9.945437666666666701e+02
9.956946333333332859e+02
9.957220333333333429e+02
9.962293666666666923e+02
1.002523166666666611e+03
1.002692633333333333e+03
1.004907100000000014e+03
1.005285499999999956e+03
1.006095299999999952e+03
1.009177299999999946e+03
1.010327099999999973e+03
1.010428466666666623e+03
1.010444233333333386e+03
1.012156166666666650e+03
1.012184999999999945e+03
1.012241333333333387e+03
1.012255666666666684e+03
1.012718333333333362e+03
1.013884000000000015e+03
1.015787599999999998e+03
1.017525366666666628e+03
1.018673533333333353e+03
1.019318633333333310e+03
1.021104199999999992e+03
1.021281100000000038e+03
1.021524966666666614e+03
1.021605199999999968e+03
1.021614133333333371e+03
1.021763033333333283e+03
1.021796166666666636e+03
1.021939533333333316e+03
1.022048999999999978e+03
1.022085266666666712e+03
1.022131033333333335e+03
1.022370333333333292e+03
1.024271799999999985e+03
1.030085566666666637e+03
1.030711366666666663e+03
1.032835766666666586e+03
1.036644266666666681e+03
1.037023833333333414e+03
1.037296499999999924e+03
1.040211366666666663e+03
1.040620133333333342e+03
1.042166233333333366e+03
1.042658966666666629e+03
1.043323100000000068e+03
1.043723033333333433e+03
1.045656099999999924e+03
1.047429166666666561e+03
1.047445866666666689e+03
1.047559433333333345e+03
1.049338866666666718e+03
1.049427200000000084e+03
1.049937233333333324e+03
1.050268000000000029e+03
1.052841066666666620e+03
1.053480466666666644e+03
1.056603733333333366e+03
1.059310366666666596e+03
1.065506699999999910e+03
1.067546566666666649e+03
1.067625533333333351e+03
1.068711133333333237e+03
1.071834299999999985e+03
1.073334399999999960e+03
1.077331899999999905e+03
1.079170033333333322e+03
1.079636366666666618e+03
1.079653333333333421e+03
1.080534200000000055e+03
1.080561400000000049e+03
1.080854633333333368e+03
1.080856966666666722e+03
1.081042933333333394e+03
1.081048600000000079e+03
1.081054166666666561e+03
1.081421966666666776e+03
1.081879699999999957e+03
1.082558999999999969e+03
1.082564000000000078e+03
1.083169466666666722e+03
1.083220499999999902e+03
1.083947866666666641e+03
1.084629033333333382e+03
1.085819833333333236e+03
1.085974699999999984e+03
1.087119666666666717e+03
1.087340433333333294e+03
1.087606066666666720e+03
1.089383633333333364e+03
1.091136566666666567e+03
1.091469233333333250e+03
1.091694133333333411e+03
1.092549733333333279e+03
1.100580266666666603e+03
1.102341833333333398e+03
1.102347299999999905e+03
1.104368933333333416e+03
1.104374499999999898e+03
1.104391833333333352e+03
1.106011700000000019e+03
1.109239733333333334e+03
1.115001299999999901e+03
1.115290533333333315e+03
1.115294933333333347e+03
1.116001433333333352e+03
1.116008366666666689e+03
1.121000633333333326e+03
1.121452566666666598e+03
1.121565466666666680e+03
1.121694899999999961e+03
1.122633033333333287e+03
1.126141333333333250e+03
1.127818199999999933e+03
1.129047433333333402e+03
1.129604000000000042e+03
1.132320933333333414e+03
1.132629366666666556e+03
1.132764566666666724e+03
1.133471366666666654e+03
1.133843933333333325e+03
1.134511966666666694e+03
1.134516766666666626e+03
1.134522166666666635e+03
1.134527733333333344e+03
1.134533033333333378e+03
1.134593533333333426e+03
1.135086099999999988e+03
1.135089233333333368e+03
1.135093399999999974e+03
1.135094866666666576e+03
1.135100100000000111e+03
1.136649833333333390e+03
1.138143199999999979e+03
1.138537133333333259e+03
1.139042966666666644e+03
1.140620400000000018e+03
1.141486966666666603e+03
1.142382733333333363e+03
1.148198233333333292e+03
1.150266900000000078e+03
1.151460833333333312e+03
1.159388099999999895e+03
1.161019933333333256e+03
1.162435799999999972e+03
1.163229700000000093e+03
1.165970399999999927e+03
1.166836233333333439e+03
1.167793200000000070e+03
1.168455666666666730e+03
1.168483333333333348e+03
1.169260433333333367e+03
1.170007499999999936e+03
1.172715433333333294e+03
1.174025866666666616e+03
1.174457333333333281e+03
1.175011266666666643e+03
1.177517633333333379e+03
1.178770166666666682e+03
1.179954099999999926e+03
1.180245699999999943e+03
1.182551233333333357e+03
1.183492899999999963e+03
1.184531433333333325e+03
1.186637699999999995e+03
1.193612766666666630e+03
1.195638066666666646e+03
1.196005100000000084e+03
1.196254733333333434e+03
1.197327866666666750e+03
1.198828233333333401e+03
1.199812266666666574e+03
1.205967366666666749e+03
1.206133100000000013e+03
1.206259700000000066e+03
1.206611466666666729e+03
1.206997366666666721e+03
1.210992899999999963e+03
1.211285533333333433e+03
1.211497766666666621e+03
1.211509099999999989e+03
1.212131333333333259e+03
1.214341566666666722e+03
1.214511766666666745e+03
1.218089833333333445e+03
1.218119799999999941e+03
1.219420233333333272e+03
1.219933099999999968e+03
1.220218366666666725e+03
1.220557333333333418e+03
1.223037600000000111e+03
1.223447733333333417e+03
1.223900866666666616e+03
1.224538933333333262e+03
1.224707699999999932e+03
1.225126633333333302e+03
1.227593666666666650e+03
1.229241733333333286e+03
1.229262233333333370e+03
1.229424800000000005e+03
1.229989033333333282e+03
1.230420466666666698e+03
1.233580633333333253e+03
1.234199066666666567e+03
1.234296033333333298e+03
1.239953633333333300e+03
1.240141800000000103e+03
1.242839533333333293e+03
1.244560966666666673e+03
1.245277199999999993e+03
1.247160333333333256e+03
1.249031966666666676e+03
1.251590466666666771e+03
1.251961733333333314e+03
1.253087899999999991e+03
1.254606933333333245e+03
1.254671033333333298e+03
1.254686033333333398e+03
1.256686533333333273e+03
1.258006566666666686e+03
1.258421700000000101e+03
1.259664133333333439e+03
1.261565599999999904e+03
1.263859500000000025e+03
1.264260833333333267e+03
1.268285166666666555e+03
1.269367033333333438e+03
1.270717266666666774e+03
1.272456933333333382e+03
1.273796800000000076e+03
1.273802733333333435e+03
1.277809233333333395e+03
1.278017800000000079e+03
1.279161366666666709e+03
1.279424433333333354e+03
1.280389533333333247e+03
1.280396066666666684e+03
1.280494933333333393e+03
1.282091699999999946e+03
1.283944233333333386e+03
1.285636433333333343e+03
1.287286966666666558e+03
1.287434600000000046e+03
1.288176233333333357e+03
1.292561766666666699e+03
1.292607133333333422e+03
1.294229866666666567e+03
1.295657533333333276e+03
1.298049333333333379e+03
1.298330333333333328e+03
1.299385233333333417e+03
1.303950266666666721e+03
1.305185933333333423e+03
1.311087266666666665e+03
1.311764366666666774e+03
1.312467266666666774e+03
1.314544166666666570e+03
1.315871033333333344e+03
1.316470833333333303e+03
1.317321633333333239e+03
1.318626533333333327e+03
1.319066166666666732e+03
1.321002266666666628e+03
1.323659599999999955e+03
1.324896999999999935e+03
1.325813000000000102e+03
1.326173099999999977e+03
1.326186566666666749e+03
1.332196366666666563e+03
1.337499866666666776e+03
1.337506033333333335e+03
1.341944733333333261e+03
1.342326000000000022e+03
1.343489266666666708e+03
1.343988233333333255e+03
1.347677666666666710e+03
1.350240199999999959e+03
1.354500133333333224e+03
1.354526533333333418e+03
1.354534699999999930e+03
1.361571633333333239e+03
1.363383033333333287e+03
1.363532999999999902e+03
1.366077133333333222e+03
1.366346600000000080e+03
1.366747133333333295e+03
1.366825433333333422e+03
1.366928766666666661e+03
1.369151900000000069e+03
1.369324433333333445e+03
1.376633199999999988e+03
1.378857500000000073e+03
1.382731933333333245e+03
1.382988633333333382e+03
1.383004266666666581e+03
1.383023366666666561e+03
1.384209666666666635e+03
1.388222199999999930e+03
1.389569500000000062e+03
1.389574699999999893e+03
1.389579899999999952e+03
1.389926033333333407e+03
1.389934500000000071e+03
1.389940166666666755e+03
1.390083900000000085e+03
1.390090733333333446e+03
1.390099300000000085e+03
1.390313900000000103e+03
1.390626933333333227e+03
1.390690299999999979e+03
1.394693666666666559e+03
1.397051833333333434e+03
1.397153533333333371e+03
1.397271333333333359e+03
1.397290533333333315e+03
1.400881399999999985e+03
1.402111566666666704e+03
1.403159266666666554e+03
1.403168200000000070e+03
1.403178733333333412e+03
1.404799433333333354e+03
1.404960199999999986e+03
1.409835666666666611e+03
1.410805266666666739e+03
1.411587433333333365e+03
1.412894033333333255e+03
1.412956833333333407e+03
1.413069966666666687e+03
1.413636700000000019e+03
1.415555699999999888e+03
1.416365500000000111e+03
1.416554733333333388e+03
1.416567900000000009e+03
1.416573366666666743e+03
1.418402833333333319e+03
1.418569566666666560e+03
1.419557600000000093e+03
1.419570600000000013e+03
1.424143833333333305e+03
1.424906400000000076e+03
1.428202233333333425e+03
1.431667233333333343e+03
1.431675233333333381e+03
1.432863766666666606e+03
1.432994899999999916e+03
1.438684799999999996e+03
1.439397266666666610e+03
1.443632233333333261e+03
1.444576433333333398e+03
1.444581966666666631e+03
1.444588099999999940e+03
1.445443966666666711e+03
1.447209700000000112e+03
1.447730133333333242e+03
1.450937766666666676e+03
1.453110333333333301e+03
1.454651533333333418e+03
1.454655866666666725e+03
1.454660800000000108e+03
1.454665966666666691e+03
1.454670499999999947e+03
1.454686266666666597e+03
1.454695433333333312e+03
1.454701700000000073e+03
1.454707166666666581e+03
1.454726799999999912e+03
1.454750666666666575e+03
1.454760299999999916e+03
1.455529766666666774e+03
1.458967266666666774e+03
1.458973700000000008e+03
1.462012266666666619e+03
1.462254766666666683e+03
1.462259766666666565e+03
1.463644466666666631e+03
1.466163233333333437e+03
1.469470533333333378e+03
1.472926466666666556e+03
1.475905566666666573e+03
1.476381133333333310e+03
1.478183666666666568e+03
1.478832533333333231e+03
1.478833133333333308e+03
1.478849999999999909e+03
1.480119833333333418e+03
1.480283733333333430e+03
1.483818766666666761e+03
1.484800333333333356e+03
1.484802300000000059e+03
1.486535933333333332e+03
1.487721566666666604e+03
1.488468200000000024e+03
1.490503333333333330e+03
1.490704866666666703e+03
1.490708766666666634e+03
1.490714733333333243e+03
1.490729066666666768e+03
1.490734400000000051e+03
1.490749000000000024e+03
1.490760966666666718e+03
1.490795133333333297e+03
1.490810366666666596e+03
1.490833133333333308e+03
1.490851866666666638e+03
1.490865866666666761e+03
1.490895899999999983e+03
1.490912933333333285e+03
1.490984099999999899e+03
1.494695300000000088e+03
1.496523633333333237e+03
1.501176433333333307e+03
1.501184299999999894e+03
1.501189966666666578e+03
1.501316533333333382e+03
1.501330166666666628e+03
1.502161800000000085e+03
1.503523200000000088e+03
1.507567500000000109e+03
1.510758933333333289e+03
1.511609966666666651e+03
1.513256266666666761e+03
1.516575833333333321e+03
1.516581233333333330e+03
1.519976933333333363e+03
1.520438366666666752e+03
1.521087433333333365e+03
1.523424766666666756e+03
1.527007433333333438e+03
1.527045066666666571e+03
1.527374000000000024e+03
1.529617400000000089e+03
1.529620200000000068e+03
1.530696999999999889e+03
1.531342633333333424e+03
1.531834000000000060e+03
1.532579300000000103e+03
1.534551433333333307e+03
1.535826533333333373e+03
1.537531866666666701e+03
1.539256833333333361e+03
1.545200766666666595e+03
1.545419900000000098e+03
1.545581966666666631e+03
1.545728533333333417e+03
1.551925233333333381e+03
1.552029166666666697e+03
1.553349166666666633e+03
1.557062066666666624e+03
1.559330366666666578e+03
1.559928966666666611e+03
1.561508033333333287e+03
1.561514366666666774e+03
1.562084033333333309e+03
1.564127633333333279e+03
1.565650799999999890e+03
1.565682166666666717e+03
1.565812566666666726e+03
1.567399533333333238e+03
1.567931000000000040e+03
1.572357466666666596e+03
1.573030333333333374e+03
1.575210233333333235e+03
1.575302666666666710e+03
1.575607133333333422e+03
1.578382466666666687e+03
1.579231166666666695e+03
1.582019600000000082e+03
1.583561433333333298e+03
1.589483633333333273e+03
1.592388066666666646e+03
1.597279466666666622e+03
1.598050966666666682e+03
1.598814933333333329e+03
1.598825433333333422e+03
1.600036366666666709e+03
1.600935366666666596e+03
1.605915966666666691e+03
1.608313366666666752e+03
1.610416333333333341e+03
1.612119333333333316e+03
1.612387266666666619e+03
1.616417999999999893e+03
1.618480533333333369e+03
1.619303200000000061e+03
1.619352433333333238e+03
1.621173700000000053e+03
1.621181100000000015e+03
1.621578466666666600e+03
1.623109766666666701e+03
1.623127433333333329e+03
1.625117233333333388e+03
1.628513766666666697e+03
1.629547600000000102e+03
1.630766533333333427e+03
1.633090966666666645e+03
1.635562666666666701e+03
1.636355166666666719e+03
1.636606966666666722e+03
1.636613499999999931e+03
1.637712099999999964e+03
1.639738133333333280e+03
1.639743899999999940e+03
1.639748700000000099e+03
1.639754400000000032e+03
1.639826566666666622e+03
1.639993266666666614e+03
1.641373866666666572e+03
1.645279366666666647e+03
1.646853366666666716e+03
1.647431199999999990e+03
1.648990600000000086e+03
1.652124766666666574e+03
1.654115066666666735e+03
1.655343566666666675e+03
1.657926266666666606e+03
1.658660499999999956e+03
1.662281433333333325e+03
1.667461900000000014e+03
1.667634833333333290e+03
1.667809033333333446e+03
1.667815000000000055e+03
1.667820666666666739e+03
1.667944199999999910e+03
1.667951000000000022e+03
1.668123900000000049e+03
1.668481166666666695e+03
1.668581566666666731e+03
1.675757633333333388e+03
1.677521333333333359e+03
1.678317133333333231e+03
1.679185566666666773e+03
1.680518199999999979e+03
1.683923133333333226e+03
1.685304166666666561e+03
1.687132566666666662e+03
1.687157233333333352e+03
1.688191866666666556e+03
1.690759600000000091e+03
1.692432666666666591e+03
1.693447400000000016e+03
1.694172033333333275e+03
1.694635833333333267e+03
1.694810266666666621e+03
1.695812666666666701e+03
1.699191100000000006e+03
1.699989233333333232e+03
1.704086199999999963e+03
1.704755599999999959e+03
1.705222700000000032e+03
1.705232400000000098e+03
1.707178633333333437e+03
1.708096199999999953e+03
1.708958900000000085e+03
1.708968100000000049e+03
1.708974466666666558e+03
1.708980800000000045e+03
1.709162066666666760e+03
1.709559633333333295e+03
1.709893033333333278e+03
1.712917633333333242e+03
1.713802899999999909e+03
1.714516466666666702e+03
1.716475200000000086e+03
1.717664199999999937e+03
1.718450733333333346e+03
1.721204066666666677e+03
1.725194300000000112e+03
1.725448766666666643e+03
1.725454199999999901e+03
1.725460733333333337e+03
1.725469700000000103e+03
1.726317333333333409e+03
1.726655833333333248e+03
1.726674466666666603e+03
1.726687866666666650e+03
1.726694300000000112e+03
1.726703833333333250e+03
1.726715433333333294e+03
1.726725033333333386e+03
1.726754266666666581e+03
1.726761299999999892e+03
1.726832066666666606e+03
1.726836466666666638e+03
1.726848266666666632e+03
1.731375399999999900e+03
1.731843866666666599e+03
1.732929133333333311e+03
1.734014033333333373e+03
1.736363499999999931e+03
1.736897966666666662e+03
1.736935899999999947e+03
1.738588266666666641e+03
1.739565499999999929e+03
1.743049366666666629e+03
1.743054866666666612e+03
1.744860966666666627e+03
1.749111699999999928e+03
1.752256599999999935e+03
1.754109133333333375e+03
1.754318466666666609e+03
1.759038933333333262e+03
1.761968100000000049e+03
1.763328466666666600e+03
1.763333433333333232e+03
1.763338833333333241e+03
1.763345700000000079e+03
1.763353000000000065e+03
1.766978733333333366e+03
1.768404433333333373e+03
1.769516533333333427e+03
1.770460299999999961e+03
1.771618066666666664e+03
1.772753699999999981e+03
1.774520233333333408e+03
1.775826600000000099e+03
1.776279999999999973e+03
1.777150166666666564e+03
1.777155099999999948e+03
1.788532966666666653e+03
1.788848466666666582e+03
1.788870200000000068e+03
1.793926733333333232e+03
1.807615333333333410e+03
1.811694866666666712e+03
1.815468066666666573e+03
1.821752266666666628e+03
1.822618999999999915e+03
1.825427400000000034e+03
1.834272533333333286e+03
1.834954400000000078e+03
1.835751166666666677e+03
1.835755133333333333e+03
1.835758900000000040e+03
1.835764100000000099e+03
1.835790066666666689e+03
1.838752400000000080e+03
1.846253666666666732e+03
1.846323100000000068e+03
1.847189966666666578e+03
1.851634399999999914e+03
1.853083766666666634e+03
1.858083399999999983e+03
1.863514333333333298e+03
1.864000733333333301e+03
1.869472866666666732e+03
1.870386566666666567e+03
1.871973833333333232e+03
1.872208166666666557e+03
1.872270899999999983e+03
1.874593566666666675e+03
1.874776933333333318e+03
1.875201266666666697e+03
1.879644133333333230e+03
1.883647200000000112e+03
1.884050833333333230e+03
1.884247233333333270e+03
1.886716666666666697e+03
1.889335433333333413e+03
1.889475566666666737e+03
1.889841899999999896e+03
1.891415933333333442e+03
1.891973233333333383e+03
1.892623666666666622e+03
1.892631066666666584e+03
1.893485866666666652e+03
1.893499466666666649e+03
1.894217200000000048e+03
1.895237399999999980e+03
1.899338766666666743e+03
1.901749166666666724e+03
1.908040966666666691e+03
1.909495433333333267e+03
1.911714066666666668e+03
1.912346033333333253e+03
1.912366033333333235e+03
1.916786533333333409e+03
1.919190566666666655e+03
1.919210633333333362e+03
1.920613433333333433e+03
1.922422900000000027e+03
1.932924466666666603e+03
1.936340566666666746e+03
1.938572833333333392e+03
1.940996133333333319e+03
1.943901733333333368e+03
1.949140133333333324e+03
1.952471433333333380e+03
1.952992733333333263e+03
1.955978566666666666e+03
1.959708900000000085e+03
1.961304133333333311e+03
1.961976100000000088e+03
1.961985833333333403e+03
1.967344200000000001e+03
1.969258100000000013e+03
1.971930966666666563e+03
1.976002233333333379e+03
1.982177566666666735e+03
1.982554433333333236e+03
1.982660599999999931e+03
1.983423866666666754e+03
1.986244633333333240e+03
1.992115000000000009e+03
1.993512466666666569e+03
1.996087199999999939e+03
1.999631833333333361e+03
2.004992899999999963e+03
2.014925333333333356e+03
2.019565333333333228e+03
2.019574800000000096e+03
2.019583533333333435e+03
2.022981899999999996e+03
2.030650866666666616e+03
2.036005966666666609e+03
2.037483533333333298e+03
2.037926766666666708e+03
2.038515633333333426e+03
2.043785133333333306e+03
2.045502866666666705e+03
2.050672599999999875e+03
2.054063133333333553e+03
2.054893700000000081e+03
2.057986100000000079e+03
2.058003633333333255e+03
2.058011800000000221e+03
2.067694833333333463e+03
2.071129466666666758e+03
2.074179900000000089e+03
2.077749866666666549e+03
2.078234966666666878e+03
2.080349533333333511e+03
2.080487500000000182e+03
2.085469633333333149e+03
2.087118500000000040e+03
2.087235966666666627e+03
2.091606033333333471e+03
2.094429133333333539e+03
2.096044366666666519e+03
2.096464699999999993e+03
2.097312366666666549e+03
2.099044100000000071e+03
2.113427066666666633e+03
2.122974633333333259e+03
2.122995100000000093e+03
2.123806033333333289e+03
2.124741233333333184e+03
2.124747299999999996e+03
2.124753466666666554e+03
2.128019566666666833e+03
2.132872266666666746e+03
2.138015400000000227e+03
2.139784966666666605e+03
2.139828500000000076e+03
2.139835533333333387e+03
2.145497666666666646e+03
2.146303766666666888e+03
2.146944033333333209e+03
2.148871299999999792e+03
2.153504433333333509e+03
2.157682133333333240e+03
2.165391799999999876e+03
2.169339633333333495e+03
2.169619000000000142e+03
2.174510800000000017e+03
2.179822133333333113e+03
2.183291766666666717e+03
2.186090833333333194e+03
2.186745933333333141e+03
2.186841066666666848e+03
2.188692066666666506e+03
2.193536233333333257e+03
2.196284566666666706e+03
2.200658766666666452e+03
2.202675000000000182e+03
2.208457633333333433e+03
2.208621233333333294e+03
2.211576366666666672e+03
2.211584666666666635e+03
2.211590866666666443e+03
2.211677299999999832e+03
2.211777033333333293e+03
2.211785800000000108e+03
2.211805466666666689e+03
2.211979933333333520e+03
2.212112566666666680e+03
2.212229633333333368e+03
2.212419300000000021e+03
2.212605799999999817e+03
2.213132766666666612e+03
2.216744133333333139e+03
2.224830533333333278e+03
2.235814666666666653e+03
2.238033866666666654e+03
2.244563700000000154e+03
2.247686133333333146e+03
2.248781133333333401e+03
2.257931933333333291e+03
2.262689566666666451e+03
2.265297399999999925e+03
2.267550900000000183e+03
2.267563066666666600e+03
2.268140166666666573e+03
2.268328266666666877e+03
2.268343166666666548e+03
2.268553899999999885e+03
2.268835000000000036e+03
2.269073933333333116e+03
2.269290833333333467e+03
2.269429966666666587e+03
2.270620166666666591e+03
2.271438299999999799e+03
2.273726366666666763e+03
2.273782166666666853e+03
2.274074799999999868e+03
2.274255099999999857e+03
2.278001133333333200e+03
2.281225166666666610e+03
2.286753533333333507e+03
2.292966800000000148e+03
2.295416366666666818e+03
2.297815099999999802e+03
2.300106000000000222e+03
2.302920500000000175e+03
2.303609599999999773e+03
2.303617466666666587e+03
2.306051233333333130e+03
2.307278333333333194e+03
2.307542166666666617e+03
2.308311766666666699e+03
2.309793433333333269e+03
2.314847766666666757e+03
2.318334666666666635e+03
2.322895633333333535e+03
2.323721533333333355e+03
2.323734566666666524e+03
2.324920200000000023e+03
2.334924100000000180e+03
2.339539766666666765e+03
2.344150466666666489e+03
2.344338266666666641e+03
2.346411466666666456e+03
2.349824566666666669e+03
2.349828966666666474e+03
2.349871166666666795e+03
2.349898333333333539e+03
2.349934600000000046e+03
2.354692799999999806e+03
2.355270700000000033e+03
2.356498766666666597e+03
2.357051300000000083e+03
2.361004033333333155e+03
2.361014599999999973e+03
2.361069300000000112e+03
2.361075100000000020e+03
2.365790700000000015e+03
2.376979200000000219e+03
2.381634233333333214e+03
2.381873633333333146e+03
2.385189266666666754e+03
2.386377666666666755e+03
2.387707800000000134e+03
2.388368699999999990e+03
2.389765600000000177e+03
2.391018399999999929e+03
2.400822599999999966e+03
2.403863233333333483e+03
2.403877599999999802e+03
2.424589066666666440e+03
2.430269033333333482e+03
2.432272933333333185e+03
2.432912100000000009e+03
2.433056333333333441e+03
2.436232266666666874e+03
2.437418500000000222e+03
2.444483200000000124e+03
2.444558366666666643e+03
2.444571033333333162e+03
2.444575800000000072e+03
2.445985466666666525e+03
2.447604699999999866e+03
2.447908600000000206e+03
2.448639433333333272e+03
2.450131866666666610e+03
2.452900799999999890e+03
2.458931633333333139e+03
2.462625000000000000e+03
