4.375000000000000000e+04
4.390500000000000000e+04
4.430800000000000000e+04
7.475000000000000000e+04
7.489100000000000000e+04
7.508800000000000000e+04
7.585300000000000000e+04
8.506900000000000000e+04
8.523600000000000000e+04
1.131920000000000000e+05
1.133420000000000000e+05
1.135820000000000000e+05
1.265350000000000000e+05
1.266820000000000000e+05
1.272280000000000000e+05
1.712370000000000000e+05
1.713670000000000000e+05
1.716050000000000000e+05
2.121300000000000000e+05
2.122650000000000000e+05
2.124830000000000000e+05
2.232250000000000000e+05
2.517870000000000000e+05
2.519320000000000000e+05
2.521400000000000000e+05
2.528310000000000000e+05
2.594860000000000000e+05
2.599980000000000000e+05
2.602070000000000000e+05
2.604780000000000000e+05
2.986550000000000000e+05
2.988470000000000000e+05
3.108000000000000000e+05
3.109580000000000000e+05
3.259040000000000000e+05
3.260670000000000000e+05
3.262840000000000000e+05
3.322030000000000000e+05
3.413990000000000000e+05
3.415670000000000000e+05
3.504020000000000000e+05
3.559320000000000000e+05
3.561110000000000000e+05
3.564260000000000000e+05
3.896810000000000000e+05
3.898280000000000000e+05
3.942030000000000000e+05
4.107010000000000000e+05
4.313690000000000000e+05
4.315630000000000000e+05
4.317640000000000000e+05
4.320590000000000000e+05
4.818450000000000000e+05
4.848700000000000000e+05
4.850310000000000000e+05
4.978490000000000000e+05
4.980170000000000000e+05
4.985120000000000000e+05
5.009830000000000000e+05
5.019840000000000000e+05
5.021370000000000000e+05
5.234250000000000000e+05
5.236370000000000000e+05
5.662190000000000000e+05
5.663700000000000000e+05
5.665210000000000000e+05
5.729510000000000000e+05
5.731050000000000000e+05
6.294470000000000000e+05
6.295680000000000000e+05
6.297720000000000000e+05
6.299550000000000000e+05
6.322020000000000000e+05
6.323440000000000000e+05
6.687400000000000000e+05
6.689080000000000000e+05
6.837560000000000000e+05
6.841810000000000000e+05
6.910150000000000000e+05
6.911610000000000000e+05
6.948780000000000000e+05
6.950510000000000000e+05
6.968210000000000000e+05
7.573840000000000000e+05
7.575660000000000000e+05
7.577690000000000000e+05
7.682170000000000000e+05
7.684140000000000000e+05
7.685880000000000000e+05
8.185570000000000000e+05
8.187110000000000000e+05
8.189050000000000000e+05
8.291400000000000000e+05
8.304820000000000000e+05
8.505480000000000000e+05
9.091200000000000000e+05
9.092710000000000000e+05
9.095010000000000000e+05
9.769210000000000000e+05
9.770870000000000000e+05
9.866650000000000000e+05
9.868340000000000000e+05
9.870330000000000000e+05
1.015053000000000000e+06
1.015227000000000000e+06
1.015402000000000000e+06
1.019603000000000000e+06
1.019742000000000000e+06
1.028061000000000000e+06
1.032129000000000000e+06
1.032321000000000000e+06
1.047334000000000000e+06
1.047505000000000000e+06
1.065638000000000000e+06
1.065830000000000000e+06
1.078278000000000000e+06
1.078461000000000000e+06
1.086896000000000000e+06
1.087074000000000000e+06
1.087989000000000000e+06
1.090786000000000000e+06
1.107116000000000000e+06
1.111971000000000000e+06
1.112230000000000000e+06
1.124261000000000000e+06
1.144592000000000000e+06
1.144752000000000000e+06
1.145057000000000000e+06
1.167933000000000000e+06
1.178697000000000000e+06
1.178833000000000000e+06
1.179001000000000000e+06
1.218998000000000000e+06
1.219138000000000000e+06
1.219409000000000000e+06
1.222814000000000000e+06
1.222998000000000000e+06
1.238490000000000000e+06
1.238651000000000000e+06
1.274789000000000000e+06
1.274943000000000000e+06
1.275117000000000000e+06
1.286600000000000000e+06
1.286742000000000000e+06
1.336780000000000000e+06
1.336914000000000000e+06
1.337297000000000000e+06
1.372176000000000000e+06
1.372339000000000000e+06
1.400093000000000000e+06
1.400235000000000000e+06
1.417171000000000000e+06
1.417323000000000000e+06
1.417511000000000000e+06
1.417741000000000000e+06
1.431823000000000000e+06
1.431988000000000000e+06
1.435889000000000000e+06
1.436074000000000000e+06
1.470474000000000000e+06
1.470679000000000000e+06
1.492756000000000000e+06
1.492914000000000000e+06
1.502054000000000000e+06
1.524712000000000000e+06
1.525000000000000000e+06
1.555540000000000000e+06
1.555992000000000000e+06
1.556173000000000000e+06
1.568201000000000000e+06
1.568387000000000000e+06
1.569275000000000000e+06
1.594487000000000000e+06
1.594636000000000000e+06
1.624908000000000000e+06
1.625042000000000000e+06
1.625267000000000000e+06
1.625933000000000000e+06
1.650063000000000000e+06
1.658757000000000000e+06
1.658904000000000000e+06
1.659128000000000000e+06
1.659393000000000000e+06
1.699372000000000000e+06
1.699571000000000000e+06
1.699775000000000000e+06
1.702597000000000000e+06
1.702745000000000000e+06
1.714637000000000000e+06
1.714785000000000000e+06
1.720606000000000000e+06
1.720760000000000000e+06
1.726263000000000000e+06
1.731865000000000000e+06
1.732011000000000000e+06
1.740236000000000000e+06
1.740463000000000000e+06
1.740684000000000000e+06
1.749951000000000000e+06
1.750121000000000000e+06
1.800330000000000000e+06
1.800473000000000000e+06
1.805779000000000000e+06
1.805932000000000000e+06
1.819507000000000000e+06
1.819654000000000000e+06
1.824132000000000000e+06
1.837776000000000000e+06
1.837924000000000000e+06
1.840328000000000000e+06
1.857588000000000000e+06
1.857822000000000000e+06
1.881736000000000000e+06
1.881910000000000000e+06
1.898504000000000000e+06
1.917926000000000000e+06
1.918098000000000000e+06
1.950486000000000000e+06
1.950631000000000000e+06
1.950986000000000000e+06
1.964406000000000000e+06
2.001820000000000000e+06
2.002019000000000000e+06
2.002253000000000000e+06
2.032490000000000000e+06
2.032669000000000000e+06
2.033086000000000000e+06
2.033301000000000000e+06
2.061231000000000000e+06
2.061371000000000000e+06
2.068957000000000000e+06
2.089737000000000000e+06
2.089874000000000000e+06
2.091290000000000000e+06
2.091425000000000000e+06
2.125080000000000000e+06
2.125234000000000000e+06
2.125462000000000000e+06
2.147405000000000000e+06
2.165233000000000000e+06
2.165388000000000000e+06
2.178368000000000000e+06
2.189403000000000000e+06
2.189548000000000000e+06
2.189735000000000000e+06
2.190400000000000000e+06
2.194575000000000000e+06
2.194999000000000000e+06
2.211709000000000000e+06
2.225553000000000000e+06
2.225770000000000000e+06
2.237409000000000000e+06
2.237756000000000000e+06
2.238199000000000000e+06
2.244025000000000000e+06
2.254469000000000000e+06
2.254642000000000000e+06
2.260937000000000000e+06
2.261183000000000000e+06
2.261694000000000000e+06
2.266101000000000000e+06
2.285015000000000000e+06
2.285195000000000000e+06
2.321511000000000000e+06
2.321658000000000000e+06
2.321929000000000000e+06
2.326496000000000000e+06
2.327101000000000000e+06
2.332860000000000000e+06
2.333031000000000000e+06
2.355697000000000000e+06
2.355861000000000000e+06
2.356070000000000000e+06
2.360149000000000000e+06
2.360287000000000000e+06
2.360479000000000000e+06
2.364604000000000000e+06
2.364987000000000000e+06
2.382615000000000000e+06
2.386990000000000000e+06
2.387886000000000000e+06
2.390690000000000000e+06
2.390868000000000000e+06
2.394703000000000000e+06
2.394953000000000000e+06
2.421190000000000000e+06
2.421373000000000000e+06
2.421588000000000000e+06
2.432024000000000000e+06
2.443299000000000000e+06
2.458966000000000000e+06
2.459109000000000000e+06
2.459360000000000000e+06
2.464253000000000000e+06
2.474198000000000000e+06
2.474351000000000000e+06
2.474619000000000000e+06
2.493233000000000000e+06
2.493431000000000000e+06
2.500120000000000000e+06
2.500277000000000000e+06
2.505121000000000000e+06
2.505305000000000000e+06
2.512570000000000000e+06
2.512796000000000000e+06
2.517881000000000000e+06
2.530056000000000000e+06
2.530200000000000000e+06
2.549587000000000000e+06
2.549893000000000000e+06
2.557568000000000000e+06
2.557771000000000000e+06
2.574490000000000000e+06
2.574669000000000000e+06
2.579382000000000000e+06
2.579534000000000000e+06
2.579779000000000000e+06
2.593719000000000000e+06
2.602391000000000000e+06
2.602653000000000000e+06
2.629738000000000000e+06
2.629882000000000000e+06
2.635201000000000000e+06
2.635356000000000000e+06
2.640139000000000000e+06
2.640301000000000000e+06
2.655622000000000000e+06
2.655760000000000000e+06
2.659547000000000000e+06
2.659696000000000000e+06
2.678638000000000000e+06
2.679603000000000000e+06
2.702383000000000000e+06
2.702528000000000000e+06
2.725068000000000000e+06
2.725242000000000000e+06
2.748543000000000000e+06
2.748700000000000000e+06
2.749033000000000000e+06
2.762616000000000000e+06
2.762791000000000000e+06
2.763591000000000000e+06
2.764400000000000000e+06
2.778558000000000000e+06
2.778745000000000000e+06
2.781931000000000000e+06
2.786730000000000000e+06
2.790639000000000000e+06
2.790852000000000000e+06
2.805287000000000000e+06
2.826372000000000000e+06
2.826546000000000000e+06
2.829117000000000000e+06
2.829330000000000000e+06
2.842568000000000000e+06
2.842736000000000000e+06
2.842946000000000000e+06
2.867131000000000000e+06
2.867295000000000000e+06
2.867490000000000000e+06
2.888333000000000000e+06
2.888469000000000000e+06
2.932636000000000000e+06
2.932773000000000000e+06
2.932955000000000000e+06
2.958688000000000000e+06
2.958832000000000000e+06
2.966675000000000000e+06
2.966808000000000000e+06
2.978732000000000000e+06
2.978952000000000000e+06
3.033276000000000000e+06
3.033408000000000000e+06
3.033607000000000000e+06
3.033817000000000000e+06
3.049993000000000000e+06
3.050140000000000000e+06
3.073371000000000000e+06
3.073534000000000000e+06
3.073879000000000000e+06
3.089090000000000000e+06
3.089242000000000000e+06
3.092323000000000000e+06
3.092495000000000000e+06
3.092899000000000000e+06
3.167436000000000000e+06
3.167570000000000000e+06
3.167740000000000000e+06
3.218203000000000000e+06
3.218321000000000000e+06
3.218823000000000000e+06
3.283740000000000000e+06
3.283863000000000000e+06
3.284028000000000000e+06
3.284446000000000000e+06
3.317453000000000000e+06
3.317637000000000000e+06
3.317917000000000000e+06
3.414104000000000000e+06
3.414256000000000000e+06
3.471888000000000000e+06
3.472035000000000000e+06
3.525998000000000000e+06
3.526130000000000000e+06
3.526320000000000000e+06
3.526529000000000000e+06
3.567072000000000000e+06
3.567226000000000000e+06
3.577468000000000000e+06
3.577667000000000000e+06
3.578057000000000000e+06
3.594835000000000000e+06
3.594979000000000000e+06
3.595716000000000000e+06
3.605142000000000000e+06
3.614387000000000000e+06
3.614785000000000000e+06
3.704647000000000000e+06
3.704793000000000000e+06
3.705313000000000000e+06
3.722634000000000000e+06
3.722788000000000000e+06
3.739360000000000000e+06
3.739508000000000000e+06
3.739733000000000000e+06
3.743058000000000000e+06
3.743250000000000000e+06
3.772121000000000000e+06
3.772295000000000000e+06
3.808393000000000000e+06
3.808542000000000000e+06
3.808845000000000000e+06
3.825414000000000000e+06
3.825557000000000000e+06
3.825761000000000000e+06
3.845842000000000000e+06
3.845979000000000000e+06
3.846186000000000000e+06
3.925410000000000000e+06
3.940327000000000000e+06
3.940481000000000000e+06
3.978798000000000000e+06
3.978943000000000000e+06
3.998452000000000000e+06
3.998604000000000000e+06
3.999040000000000000e+06
4.013965000000000000e+06
4.014114000000000000e+06
4.015802000000000000e+06
4.022839000000000000e+06
4.022994000000000000e+06
4.035312000000000000e+06
4.046060000000000000e+06
4.046204000000000000e+06
4.046478000000000000e+06
4.066472000000000000e+06
4.066615000000000000e+06
4.073469000000000000e+06
4.073613000000000000e+06
4.084064000000000000e+06
4.084248000000000000e+06
4.089878000000000000e+06
4.090011000000000000e+06
4.090229000000000000e+06
4.090455000000000000e+06
4.121774000000000000e+06
4.121943000000000000e+06
4.122232000000000000e+06
4.154306000000000000e+06
4.154450000000000000e+06
4.158963000000000000e+06
4.159092000000000000e+06
4.159285000000000000e+06
4.178186000000000000e+06
4.178336000000000000e+06
4.178612000000000000e+06
4.179031000000000000e+06
4.191000000000000000e+06
4.198621000000000000e+06
4.198776000000000000e+06
4.262844000000000000e+06
4.262970000000000000e+06
4.263215000000000000e+06
4.264377000000000000e+06
4.264544000000000000e+06
4.312511000000000000e+06
4.312670000000000000e+06
4.386302000000000000e+06
4.386442000000000000e+06
4.386644000000000000e+06
4.387078000000000000e+06
4.399667000000000000e+06
4.399851000000000000e+06
4.408484000000000000e+06
4.408666000000000000e+06
4.408901000000000000e+06
4.423389000000000000e+06
4.423529000000000000e+06
4.426761000000000000e+06
4.426947000000000000e+06
4.439881000000000000e+06
4.440049000000000000e+06
4.444699000000000000e+06
4.444835000000000000e+06
4.456765000000000000e+06
4.456941000000000000e+06
4.498713000000000000e+06
4.498872000000000000e+06
4.499198000000000000e+06
4.512727000000000000e+06
4.519327000000000000e+06
4.519484000000000000e+06
4.530673000000000000e+06
4.576745000000000000e+06
4.576940000000000000e+06
4.577100000000000000e+06
4.611982000000000000e+06
4.612149000000000000e+06
4.612329000000000000e+06
4.639229000000000000e+06
4.639424000000000000e+06
4.650501000000000000e+06
4.650674000000000000e+06
4.650871000000000000e+06
4.668872000000000000e+06
4.669021000000000000e+06
4.669227000000000000e+06
4.682772000000000000e+06
4.682995000000000000e+06
4.710272000000000000e+06
4.710416000000000000e+06
4.761013000000000000e+06
4.761155000000000000e+06
4.784806000000000000e+06
4.784953000000000000e+06
4.808021000000000000e+06
4.808223000000000000e+06
4.822297000000000000e+06
4.822462000000000000e+06
4.852065000000000000e+06
4.852232000000000000e+06
4.852401000000000000e+06
4.871803000000000000e+06
4.871946000000000000e+06
4.880626000000000000e+06
4.880789000000000000e+06
4.904782000000000000e+06
4.904942000000000000e+06
4.930782000000000000e+06
4.930915000000000000e+06
4.931087000000000000e+06
4.931278000000000000e+06
4.931507000000000000e+06
4.931772000000000000e+06
5.007498000000000000e+06
5.007669000000000000e+06
5.019802000000000000e+06
5.019951000000000000e+06
5.020387000000000000e+06
5.040229000000000000e+06
5.040381000000000000e+06
5.082173000000000000e+06
5.082330000000000000e+06
5.109740000000000000e+06
5.109885000000000000e+06
5.126702000000000000e+06
5.126842000000000000e+06
5.135578000000000000e+06
5.135744000000000000e+06
5.136111000000000000e+06
5.169009000000000000e+06
5.169157000000000000e+06
5.169841000000000000e+06
5.169996000000000000e+06
5.205932000000000000e+06
5.206101000000000000e+06
5.258002000000000000e+06
5.258138000000000000e+06
5.258377000000000000e+06
5.280203000000000000e+06
5.280347000000000000e+06
5.306999000000000000e+06
5.307156000000000000e+06
5.357988000000000000e+06
5.358124000000000000e+06
5.358327000000000000e+06
5.366236000000000000e+06
5.366421000000000000e+06
5.375213000000000000e+06
5.375449000000000000e+06
5.436101000000000000e+06
5.436247000000000000e+06
5.436434000000000000e+06
5.447868000000000000e+06
5.460697000000000000e+06
5.460841000000000000e+06
5.473317000000000000e+06
5.473500000000000000e+06
5.473790000000000000e+06
5.495172000000000000e+06
5.495298000000000000e+06
5.495457000000000000e+06
5.495644000000000000e+06
5.496408000000000000e+06
5.497042000000000000e+06
5.497876000000000000e+06
5.519474000000000000e+06
5.519636000000000000e+06
5.539663000000000000e+06
5.539832000000000000e+06
5.561579000000000000e+06
5.561924000000000000e+06
5.600003000000000000e+06
5.600150000000000000e+06
5.600749000000000000e+06
5.644779000000000000e+06
5.648686000000000000e+06
5.655190000000000000e+06
5.655349000000000000e+06
5.681356000000000000e+06
5.681541000000000000e+06
5.682109000000000000e+06
5.719956000000000000e+06
5.720117000000000000e+06
5.720328000000000000e+06
5.754488000000000000e+06
5.754628000000000000e+06
5.761795000000000000e+06
5.777516000000000000e+06
5.783848000000000000e+06
5.783995000000000000e+06
5.820854000000000000e+06
5.821028000000000000e+06
5.821266000000000000e+06
5.842770000000000000e+06
5.842925000000000000e+06
5.843154000000000000e+06
5.892132000000000000e+06
5.892317000000000000e+06
5.904243000000000000e+06
5.904538000000000000e+06
5.991470000000000000e+06
6.000043000000000000e+06
6.030696000000000000e+06
6.030845000000000000e+06
6.035318000000000000e+06
6.036484000000000000e+06
6.036627000000000000e+06
6.042821000000000000e+06
6.049687000000000000e+06
6.049842000000000000e+06
6.050518000000000000e+06
6.082301000000000000e+06
6.095055000000000000e+06
6.095200000000000000e+06
6.095429000000000000e+06
6.122056000000000000e+06
6.122177000000000000e+06
6.122849000000000000e+06
6.133145000000000000e+06
6.136440000000000000e+06
6.136601000000000000e+06
6.136903000000000000e+06
6.141157000000000000e+06
6.164329000000000000e+06
6.164485000000000000e+06
6.183241000000000000e+06
6.183925000000000000e+06
6.184363000000000000e+06
6.184603000000000000e+06
6.187996000000000000e+06
6.192827000000000000e+06
6.196097000000000000e+06
6.203472000000000000e+06
6.203620000000000000e+06
6.204167000000000000e+06
6.220009000000000000e+06
6.220648000000000000e+06
6.221071000000000000e+06
6.225896000000000000e+06
6.229954000000000000e+06
6.230114000000000000e+06
6.235232000000000000e+06
6.238449000000000000e+06
6.238678000000000000e+06
6.248154000000000000e+06
6.252053000000000000e+06
6.252268000000000000e+06
6.256493000000000000e+06
6.256654000000000000e+06
6.261211000000000000e+06
6.264319000000000000e+06
6.279101000000000000e+06
6.279257000000000000e+06
6.279472000000000000e+06
6.316361000000000000e+06
6.329405000000000000e+06
6.329622000000000000e+06
6.332482000000000000e+06
6.332636000000000000e+06
6.379141000000000000e+06
6.379288000000000000e+06
6.398896000000000000e+06
6.399048000000000000e+06
6.399337000000000000e+06
6.399742000000000000e+06
6.402545000000000000e+06
6.411868000000000000e+06
6.425322000000000000e+06
6.447495000000000000e+06
6.447625000000000000e+06
6.447836000000000000e+06
6.470273000000000000e+06
6.470465000000000000e+06
6.470767000000000000e+06
6.471252000000000000e+06
6.484389000000000000e+06
6.484612000000000000e+06
6.493678000000000000e+06
6.493852000000000000e+06
6.511796000000000000e+06
6.511928000000000000e+06
6.512163000000000000e+06
6.512867000000000000e+06
6.513266000000000000e+06
6.525557000000000000e+06
6.540587000000000000e+06
6.540760000000000000e+06
6.557457000000000000e+06
6.557627000000000000e+06
6.562879000000000000e+06
6.579195000000000000e+06
6.579352000000000000e+06
6.603159000000000000e+06
6.603537000000000000e+06
6.603748000000000000e+06
6.628113000000000000e+06
6.628276000000000000e+06
6.628620000000000000e+06
6.671720000000000000e+06
6.671903000000000000e+06
6.681383000000000000e+06
6.681524000000000000e+06
6.682012000000000000e+06
6.682216000000000000e+06
6.694692000000000000e+06
6.694832000000000000e+06
6.695071000000000000e+06
6.699400000000000000e+06
6.699618000000000000e+06
6.733960000000000000e+06
6.734148000000000000e+06
6.748146000000000000e+06
6.748279000000000000e+06
6.761399000000000000e+06
6.761548000000000000e+06
6.765716000000000000e+06
6.804180000000000000e+06
6.804348000000000000e+06
6.805013000000000000e+06
6.808777000000000000e+06
6.808910000000000000e+06
6.809583000000000000e+06
6.859174000000000000e+06
6.859320000000000000e+06
6.864462000000000000e+06
6.910394000000000000e+06
6.910544000000000000e+06
6.934352000000000000e+06
6.934495000000000000e+06
6.966308000000000000e+06
6.966461000000000000e+06
6.978818000000000000e+06
6.993130000000000000e+06
6.993269000000000000e+06
6.993484000000000000e+06
6.993688000000000000e+06
7.014489000000000000e+06
7.014647000000000000e+06
7.031382000000000000e+06
7.031538000000000000e+06
7.032030000000000000e+06
7.032466000000000000e+06
7.032752000000000000e+06
7.033947000000000000e+06
7.034261000000000000e+06
7.046401000000000000e+06
7.051321000000000000e+06
7.051481000000000000e+06
7.059194000000000000e+06
7.059429000000000000e+06
7.068071000000000000e+06
7.068265000000000000e+06
7.155251000000000000e+06
7.164295000000000000e+06
7.164432000000000000e+06
7.164625000000000000e+06
7.195091000000000000e+06
7.195252000000000000e+06
7.195479000000000000e+06
7.323119000000000000e+06
7.323274000000000000e+06
7.326595000000000000e+06
7.326752000000000000e+06
7.326941000000000000e+06
7.341607000000000000e+06
7.376664000000000000e+06
7.376837000000000000e+06
7.387886000000000000e+06
7.390928000000000000e+06
7.391074000000000000e+06
7.425257000000000000e+06
7.425427000000000000e+06
7.429347000000000000e+06
7.429738000000000000e+06
7.433314000000000000e+06
7.433469000000000000e+06
7.433719000000000000e+06
7.461868000000000000e+06
7.462131000000000000e+06
7.466111000000000000e+06
7.466271000000000000e+06
7.466890000000000000e+06
7.469540000000000000e+06
7.469706000000000000e+06
7.470034000000000000e+06
7.476046000000000000e+06
7.477075000000000000e+06
7.481993000000000000e+06
7.491039000000000000e+06
7.491224000000000000e+06
7.508782000000000000e+06
7.551763000000000000e+06
7.551969000000000000e+06
7.552223000000000000e+06
7.552729000000000000e+06
7.568430000000000000e+06
7.568649000000000000e+06
7.606708000000000000e+06
7.606884000000000000e+06
7.607121000000000000e+06
7.628756000000000000e+06
7.628901000000000000e+06
7.629093000000000000e+06
7.657036000000000000e+06
7.657203000000000000e+06
7.668762000000000000e+06
7.668918000000000000e+06
7.672808000000000000e+06
7.677934000000000000e+06
7.700145000000000000e+06
7.700317000000000000e+06
7.705007000000000000e+06
7.783069000000000000e+06
7.783207000000000000e+06
7.789931000000000000e+06
7.790102000000000000e+06
7.812526000000000000e+06
7.812698000000000000e+06
7.840922000000000000e+06
7.841056000000000000e+06
7.845108000000000000e+06
7.845278000000000000e+06
7.845718000000000000e+06
7.854697000000000000e+06
7.854845000000000000e+06
7.867573000000000000e+06
7.867812000000000000e+06
7.868369000000000000e+06
7.901622000000000000e+06
7.901762000000000000e+06
7.928323000000000000e+06
7.928499000000000000e+06
7.940149000000000000e+06
7.970821000000000000e+06
7.970963000000000000e+06
7.978611000000000000e+06
7.978884000000000000e+06
8.006554000000000000e+06
8.006695000000000000e+06
8.019646000000000000e+06
8.019791000000000000e+06
8.045425000000000000e+06
8.045575000000000000e+06
8.058555000000000000e+06
8.060121000000000000e+06
8.098222000000000000e+06
8.098397000000000000e+06
8.108047000000000000e+06
8.108221000000000000e+06
8.108615000000000000e+06
8.116846000000000000e+06
8.117031000000000000e+06
8.121269000000000000e+06
8.142499000000000000e+06
8.146124000000000000e+06
8.146592000000000000e+06
8.148569000000000000e+06
8.148728000000000000e+06
8.149265000000000000e+06
8.169371000000000000e+06
8.169737000000000000e+06
8.170910000000000000e+06
8.176081000000000000e+06
8.184769000000000000e+06
8.184922000000000000e+06
8.188361000000000000e+06
8.188521000000000000e+06
8.233365000000000000e+06
8.233491000000000000e+06
8.233752000000000000e+06
8.280170000000000000e+06
8.280336000000000000e+06
8.280684000000000000e+06
8.281566000000000000e+06
8.281873000000000000e+06
8.340115000000000000e+06
8.373284000000000000e+06
8.373450000000000000e+06
8.425433000000000000e+06
8.425578000000000000e+06
8.460142000000000000e+06
8.460319000000000000e+06
8.467969000000000000e+06
8.468303000000000000e+06
8.469874000000000000e+06
8.470183000000000000e+06
8.474516000000000000e+06
8.474731000000000000e+06
8.477828000000000000e+06
8.516945000000000000e+06
8.517093000000000000e+06
8.517295000000000000e+06
8.537747000000000000e+06
8.538077000000000000e+06
8.542303000000000000e+06
8.545162000000000000e+06
8.545947000000000000e+06
8.547079000000000000e+06
8.553294000000000000e+06
8.557811000000000000e+06
8.560458000000000000e+06
8.560640000000000000e+06
8.565000000000000000e+06
8.565861000000000000e+06
8.634783000000000000e+06
8.634953000000000000e+06
8.643778000000000000e+06
8.643923000000000000e+06
8.644173000000000000e+06
8.664458000000000000e+06
8.664955000000000000e+06
8.715888000000000000e+06
8.716026000000000000e+06
8.729136000000000000e+06
8.729281000000000000e+06
8.729586000000000000e+06
8.734089000000000000e+06
8.737732000000000000e+06
8.742869000000000000e+06
8.743029000000000000e+06
8.746315000000000000e+06
8.746506000000000000e+06
8.748341000000000000e+06
8.807922000000000000e+06
8.808056000000000000e+06
8.883702000000000000e+06
8.883839000000000000e+06
8.884075000000000000e+06
8.903756000000000000e+06
8.903966000000000000e+06
8.917140000000000000e+06
8.917297000000000000e+06
8.919069000000000000e+06
8.919274000000000000e+06
8.927953000000000000e+06
8.928099000000000000e+06
8.928971000000000000e+06
8.935295000000000000e+06
8.935477000000000000e+06
8.970671000000000000e+06
8.975927000000000000e+06
8.976081000000000000e+06
8.976303000000000000e+06
8.990082000000000000e+06
8.990372000000000000e+06
8.990672000000000000e+06
9.006615000000000000e+06
9.006801000000000000e+06
9.101714000000000000e+06
9.101884000000000000e+06
9.153706000000000000e+06
9.153868000000000000e+06
9.154087000000000000e+06
9.208714000000000000e+06
9.209215000000000000e+06
9.209439000000000000e+06
9.213393000000000000e+06
9.217316000000000000e+06
9.217493000000000000e+06
9.218055000000000000e+06
9.266083000000000000e+06
9.266226000000000000e+06
9.266571000000000000e+06
9.291963000000000000e+06
9.292102000000000000e+06
9.300628000000000000e+06
9.300817000000000000e+06
9.309565000000000000e+06
9.309866000000000000e+06
9.311088000000000000e+06
9.312744000000000000e+06
9.313594000000000000e+06
9.313818000000000000e+06
9.316094000000000000e+06
9.316234000000000000e+06
9.316650000000000000e+06
9.320544000000000000e+06
9.320872000000000000e+06
9.346089000000000000e+06
9.346355000000000000e+06
9.364184000000000000e+06
9.364385000000000000e+06
9.393239000000000000e+06
9.413946000000000000e+06
9.414087000000000000e+06
9.421484000000000000e+06
9.437243000000000000e+06
9.437502000000000000e+06
9.498660000000000000e+06
9.502933000000000000e+06
9.503076000000000000e+06
9.503486000000000000e+06
9.504034000000000000e+06
9.515576000000000000e+06
9.515934000000000000e+06
9.518647000000000000e+06
9.518771000000000000e+06
9.523798000000000000e+06
9.524041000000000000e+06
9.527257000000000000e+06
9.530913000000000000e+06
9.531135000000000000e+06
9.576072000000000000e+06
9.576216000000000000e+06
9.576567000000000000e+06
9.582258000000000000e+06
9.603499000000000000e+06
9.649534000000000000e+06
9.649663000000000000e+06
9.669817000000000000e+06
9.669986000000000000e+06
9.676951000000000000e+06
9.677093000000000000e+06
9.677342000000000000e+06
9.677854000000000000e+06
9.682120000000000000e+06
9.682325000000000000e+06
9.729189000000000000e+06
9.729336000000000000e+06
9.735672000000000000e+06
9.735873000000000000e+06
9.739219000000000000e+06
9.743327000000000000e+06
9.747357000000000000e+06
9.747598000000000000e+06
9.755186000000000000e+06
9.755371000000000000e+06
9.755616000000000000e+06
9.770792000000000000e+06
9.770969000000000000e+06
9.771272000000000000e+06
9.781968000000000000e+06
9.832602000000000000e+06
9.871231000000000000e+06
9.871403000000000000e+06
9.889263000000000000e+06
9.889442000000000000e+06
9.951634000000000000e+06
9.951803000000000000e+06
9.998426000000000000e+06
9.998602000000000000e+06
9.998983000000000000e+06
9.999329000000000000e+06
1.002290200000000000e+07
1.005992500000000000e+07
1.013442200000000000e+07
1.013456800000000000e+07
1.013475700000000000e+07
1.015487500000000000e+07
1.015501200000000000e+07
1.015522200000000000e+07
1.015548500000000000e+07
1.025183900000000000e+07
1.025198700000000000e+07
1.028353000000000000e+07
1.028508000000000000e+07
1.029500500000000000e+07
1.029518300000000000e+07
1.029540400000000000e+07
1.029956200000000000e+07
1.029974000000000000e+07
1.029994400000000000e+07
1.035717100000000000e+07
1.035734400000000000e+07
1.036750600000000000e+07
1.036765300000000000e+07
1.036872900000000000e+07
1.036903100000000000e+07
1.037124000000000000e+07
1.037141900000000000e+07
1.037212500000000000e+07
1.037245300000000000e+07
1.037278400000000000e+07
1.037952100000000000e+07
1.038012000000000000e+07
1.038470400000000000e+07
1.038659400000000000e+07
1.038675300000000000e+07
1.039923300000000000e+07
1.041991900000000000e+07
1.042431900000000000e+07
1.048911700000000000e+07
1.048974500000000000e+07
1.052270400000000000e+07
1.060446200000000000e+07
1.060461200000000000e+07
1.060877700000000000e+07
1.060894100000000000e+07
1.061003000000000000e+07
1.061366100000000000e+07
1.061802100000000000e+07
1.062203000000000000e+07
1.062244300000000000e+07
1.067284300000000000e+07
1.067299400000000000e+07
1.070535200000000000e+07
1.075753400000000000e+07
1.075770700000000000e+07
1.075793200000000000e+07
1.076202200000000000e+07
1.076423600000000000e+07
1.076438800000000000e+07
1.076893200000000000e+07
1.077748300000000000e+07
1.081622400000000000e+07
1.081713400000000000e+07
1.081742600000000000e+07
1.082155000000000000e+07
1.082171300000000000e+07
1.082940100000000000e+07
1.084648900000000000e+07
1.084669600000000000e+07
1.084711000000000000e+07
1.089065600000000000e+07
1.089079200000000000e+07
1.089101700000000000e+07
1.089125300000000000e+07
1.089145800000000000e+07
1.090745200000000000e+07
1.099575700000000000e+07
1.099592000000000000e+07
1.101364300000000000e+07
1.101586400000000000e+07
1.101602600000000000e+07
1.102585400000000000e+07
1.104008700000000000e+07
1.104030000000000000e+07
1.106175900000000000e+07
1.106940900000000000e+07
1.106958700000000000e+07
1.106986500000000000e+07
1.110857900000000000e+07
1.112236100000000000e+07
1.112253900000000000e+07
1.113647500000000000e+07
1.113663400000000000e+07
1.113986300000000000e+07
1.114261900000000000e+07
1.114790900000000000e+07
1.114807700000000000e+07
1.115243200000000000e+07
1.115259300000000000e+07
1.115488000000000000e+07
1.115638700000000000e+07
1.118143600000000000e+07
1.118668300000000000e+07
1.118685700000000000e+07
1.120042100000000000e+07
1.123718600000000000e+07
1.123735900000000000e+07
1.124112400000000000e+07
1.124133200000000000e+07
1.124170200000000000e+07
1.126219200000000000e+07
1.126236700000000000e+07
1.130004400000000000e+07
1.130024300000000000e+07
1.132987700000000000e+07
1.137757200000000000e+07
1.137777300000000000e+07
1.140582600000000000e+07
1.140599200000000000e+07
1.141382200000000000e+07
1.141766500000000000e+07
1.144921200000000000e+07
1.144939400000000000e+07
1.144965300000000000e+07
1.144994600000000000e+07
1.151190600000000000e+07
1.151203500000000000e+07
1.151952500000000000e+07
1.154961400000000000e+07
1.154976400000000000e+07
1.155378300000000000e+07
1.155574400000000000e+07
1.156636600000000000e+07
1.156657200000000000e+07
1.157832500000000000e+07
1.157848200000000000e+07
1.157884400000000000e+07
1.161157000000000000e+07
1.162994600000000000e+07
1.163007900000000000e+07
1.163164100000000000e+07
1.163179000000000000e+07
1.163200300000000000e+07
1.163252500000000000e+07
1.163273000000000000e+07
1.165758100000000000e+07
1.165774700000000000e+07
1.166637900000000000e+07
1.166657000000000000e+07
1.166717100000000000e+07
1.167583300000000000e+07
1.167614900000000000e+07
1.169229200000000000e+07
1.173279800000000000e+07
1.173297700000000000e+07
1.173401000000000000e+07
1.173419000000000000e+07
1.175014400000000000e+07
1.175558200000000000e+07
1.175586300000000000e+07
1.175621100000000000e+07
1.176114000000000000e+07
1.186888200000000000e+07
1.186987900000000000e+07
1.187003600000000000e+07
1.189445700000000000e+07
1.189463500000000000e+07
1.190139100000000000e+07
1.190821300000000000e+07
1.190836800000000000e+07
1.193163700000000000e+07
1.194305100000000000e+07
1.194348800000000000e+07
1.199564900000000000e+07
1.199579800000000000e+07
1.199598900000000000e+07
1.200793800000000000e+07
1.200809100000000000e+07
1.200834500000000000e+07
1.204796200000000000e+07
1.204813200000000000e+07
1.206374300000000000e+07
1.207354100000000000e+07
1.209971100000000000e+07
1.209989500000000000e+07
1.210759300000000000e+07
1.210776100000000000e+07
1.210797600000000000e+07
1.218016400000000000e+07
1.218032100000000000e+07
1.218054700000000000e+07
1.218800000000000000e+07
1.221953200000000000e+07
1.222238200000000000e+07
1.222252700000000000e+07
1.224949400000000000e+07
1.225086900000000000e+07
1.225789000000000000e+07
1.226904700000000000e+07
1.227702500000000000e+07
1.227716800000000000e+07
1.227747900000000000e+07
1.227773500000000000e+07
1.230337500000000000e+07
1.230353200000000000e+07
1.231166800000000000e+07
1.231183900000000000e+07
1.233353500000000000e+07
1.233371500000000000e+07
1.233394000000000000e+07
1.234317200000000000e+07
1.234334700000000000e+07
1.235161100000000000e+07
1.236826100000000000e+07
1.236847400000000000e+07
1.240078500000000000e+07
1.240094000000000000e+07
1.242559100000000000e+07
1.242806100000000000e+07
1.242822300000000000e+07
1.247796600000000000e+07
1.247810000000000000e+07
1.247843100000000000e+07
1.249934200000000000e+07
1.249949400000000000e+07
1.250909400000000000e+07
1.251165700000000000e+07
1.251196800000000000e+07
1.251438800000000000e+07
1.251524500000000000e+07
1.255449900000000000e+07
1.255465600000000000e+07
1.255501200000000000e+07
1.256602500000000000e+07
1.256622100000000000e+07
1.258223200000000000e+07
1.258238800000000000e+07
1.258732200000000000e+07
1.261308100000000000e+07
1.261324000000000000e+07
1.261356200000000000e+07
1.264741200000000000e+07
1.267247300000000000e+07
1.267261500000000000e+07
1.271076800000000000e+07
1.271099900000000000e+07
1.272331000000000000e+07
1.272349100000000000e+07
1.272373400000000000e+07
1.272416300000000000e+07
1.274744600000000000e+07
1.274761800000000000e+07
1.278651400000000000e+07
1.278667900000000000e+07
1.278705300000000000e+07
1.280371500000000000e+07
1.280392000000000000e+07
1.285789900000000000e+07
1.285804300000000000e+07
1.288027900000000000e+07
1.288167800000000000e+07
1.288184600000000000e+07
1.289352500000000000e+07
1.289371500000000000e+07
1.289401800000000000e+07
1.289688700000000000e+07
1.293085100000000000e+07
1.293099200000000000e+07
1.293120200000000000e+07
1.293537400000000000e+07
1.293551700000000000e+07
1.293573100000000000e+07
1.293598000000000000e+07
1.293636600000000000e+07
1.296481200000000000e+07
1.296855900000000000e+07
1.296872800000000000e+07
1.297303000000000000e+07
1.297318400000000000e+07
1.297991200000000000e+07
1.298027700000000000e+07
1.298094800000000000e+07
1.302330700000000000e+07
1.302349300000000000e+07
1.306862400000000000e+07
1.306878000000000000e+07
1.309421100000000000e+07
1.309436700000000000e+07
1.309754500000000000e+07
1.309771800000000000e+07
1.313340800000000000e+07
1.313417500000000000e+07
1.313437300000000000e+07
1.318059700000000000e+07
1.318080000000000000e+07
1.322610200000000000e+07
1.322625100000000000e+07
1.323729800000000000e+07
1.323746400000000000e+07
1.323771900000000000e+07
1.326255300000000000e+07
1.326292300000000000e+07
1.326316900000000000e+07
1.326339400000000000e+07
1.326997700000000000e+07
1.327016900000000000e+07
1.327323600000000000e+07
1.327636900000000000e+07
1.331554600000000000e+07
1.331572600000000000e+07
1.331599400000000000e+07
1.332451400000000000e+07
1.332983100000000000e+07
1.333963400000000000e+07
1.334711600000000000e+07
1.334725700000000000e+07
1.336506700000000000e+07
1.336566400000000000e+07
1.337339900000000000e+07
1.346491400000000000e+07
1.346511800000000000e+07
1.346531300000000000e+07
1.346900500000000000e+07
1.346917100000000000e+07
1.347306600000000000e+07
1.347321100000000000e+07
1.348866200000000000e+07
1.348881200000000000e+07
1.351145400000000000e+07
1.351163400000000000e+07
1.358178100000000000e+07
1.358192400000000000e+07
1.360064100000000000e+07
1.360526800000000000e+07
1.360548900000000000e+07
1.363779700000000000e+07
1.363798700000000000e+07
1.365032800000000000e+07
1.365052400000000000e+07
1.367599200000000000e+07
1.368593800000000000e+07
1.368759500000000000e+07
1.369133300000000000e+07
1.369194300000000000e+07
1.372035500000000000e+07
1.372051400000000000e+07
1.372073400000000000e+07
1.372391300000000000e+07
1.372665000000000000e+07
1.373227600000000000e+07
1.374851800000000000e+07
1.374872300000000000e+07
1.375360000000000000e+07
1.375377500000000000e+07
1.382876400000000000e+07
1.382920300000000000e+07
1.383593800000000000e+07
1.383609900000000000e+07
1.384871300000000000e+07
1.384885100000000000e+07
1.384922600000000000e+07
1.385294500000000000e+07
1.385502100000000000e+07
1.387903800000000000e+07
1.387920000000000000e+07
1.390506200000000000e+07
1.390524900000000000e+07
1.390828300000000000e+07
1.390888600000000000e+07
1.391045700000000000e+07
1.391061100000000000e+07
1.391591600000000000e+07
1.391605100000000000e+07
1.391633200000000000e+07
1.392494500000000000e+07
1.392509400000000000e+07
1.392592300000000000e+07
1.392878000000000000e+07
1.392915000000000000e+07
1.393252800000000000e+07
1.393637600000000000e+07
1.393804200000000000e+07
1.393823800000000000e+07
1.396344000000000000e+07
1.412012700000000000e+07
1.412027100000000000e+07
1.413610200000000000e+07
1.413926400000000000e+07
1.413948300000000000e+07
1.413964500000000000e+07
1.413987300000000000e+07
1.416556900000000000e+07
1.417025900000000000e+07
1.417051900000000000e+07
1.419048700000000000e+07
1.419064100000000000e+07
1.419879300000000000e+07
1.419897500000000000e+07
1.422653400000000000e+07
1.438602400000000000e+07
1.438618900000000000e+07
1.443383400000000000e+07
1.443399400000000000e+07
1.443425200000000000e+07
1.450222600000000000e+07
1.451132300000000000e+07
1.451149200000000000e+07
1.455891600000000000e+07
1.457179200000000000e+07
1.457397200000000000e+07
1.457418000000000000e+07
1.457458300000000000e+07
1.458238900000000000e+07
1.459429100000000000e+07
1.459455800000000000e+07
1.459860800000000000e+07
1.462057000000000000e+07
1.462073900000000000e+07
1.462466500000000000e+07
1.462512200000000000e+07
1.463483600000000000e+07
1.463501700000000000e+07
1.466491800000000000e+07
1.466512800000000000e+07
1.468678500000000000e+07
1.469639600000000000e+07
1.470428700000000000e+07
1.473816900000000000e+07
1.473832800000000000e+07
1.478219000000000000e+07
1.478234700000000000e+07
1.478253600000000000e+07
1.483795000000000000e+07
1.483813000000000000e+07
1.485261800000000000e+07
1.485288500000000000e+07
1.485368600000000000e+07
1.485866500000000000e+07
1.485889500000000000e+07
1.485922100000000000e+07
1.493894300000000000e+07
1.493913100000000000e+07
1.493934500000000000e+07
1.494543300000000000e+07
1.495364600000000000e+07
1.495384900000000000e+07
1.500980000000000000e+07
1.500999100000000000e+07
1.501020300000000000e+07
1.504786300000000000e+07
1.504799800000000000e+07
1.504834000000000000e+07
1.505388800000000000e+07
1.505486000000000000e+07
1.505517300000000000e+07
1.508892600000000000e+07
1.508911100000000000e+07
1.508944500000000000e+07
1.510782500000000000e+07
1.511498400000000000e+07
1.511525700000000000e+07
1.511586100000000000e+07
1.515598500000000000e+07
1.516413900000000000e+07
1.522133600000000000e+07
1.522148700000000000e+07
1.522176700000000000e+07
1.525219900000000000e+07
1.525236900000000000e+07
1.525665200000000000e+07
1.527013700000000000e+07
1.527302400000000000e+07
1.527327400000000000e+07
1.528321700000000000e+07
1.531781400000000000e+07
1.531797300000000000e+07
1.538079200000000000e+07
1.538095900000000000e+07
1.539032800000000000e+07
1.539076500000000000e+07
1.539103500000000000e+07
1.542482500000000000e+07
1.542497100000000000e+07
1.542516200000000000e+07
1.542536100000000000e+07
1.544682800000000000e+07
1.544706400000000000e+07
1.547759200000000000e+07
1.548225100000000000e+07
1.548253900000000000e+07
1.549172500000000000e+07
1.549199700000000000e+07
1.549220500000000000e+07
1.552728700000000000e+07
1.554915100000000000e+07
1.554930700000000000e+07
1.556980300000000000e+07
1.556995500000000000e+07
1.557014600000000000e+07
1.557749900000000000e+07
1.561882400000000000e+07
1.561903700000000000e+07
1.569243000000000000e+07
1.569258500000000000e+07
1.570957200000000000e+07
1.570970700000000000e+07
1.570995400000000000e+07
1.571667300000000000e+07
1.571688300000000000e+07
1.571896900000000000e+07
1.572285500000000000e+07
1.572320500000000000e+07
1.578419100000000000e+07
1.579852100000000000e+07
1.579882400000000000e+07
1.583451500000000000e+07
1.583465300000000000e+07
1.583883500000000000e+07
1.585267700000000000e+07
1.587472300000000000e+07
1.587493200000000000e+07
1.592985300000000000e+07
1.593002900000000000e+07
1.594348000000000000e+07
1.594368200000000000e+07
1.595621200000000000e+07
1.595951100000000000e+07
1.596417600000000000e+07
1.596805200000000000e+07
1.596841300000000000e+07
1.600211900000000000e+07
1.600227200000000000e+07
1.600250700000000000e+07
1.603368700000000000e+07
1.603384300000000000e+07
1.603411700000000000e+07
1.606183500000000000e+07
1.611259400000000000e+07
1.611274400000000000e+07
1.614055900000000000e+07
1.614071900000000000e+07
1.618418100000000000e+07
1.618447900000000000e+07
1.620340300000000000e+07
1.620362000000000000e+07
1.620390300000000000e+07
1.621109200000000000e+07
1.621514400000000000e+07
1.623165900000000000e+07
1.623186700000000000e+07
1.626369200000000000e+07
1.626385300000000000e+07
1.626698900000000000e+07
1.626726500000000000e+07
1.628003900000000000e+07
1.630010900000000000e+07
1.640205800000000000e+07
1.640221800000000000e+07
1.640247900000000000e+07
1.644741000000000000e+07
1.644757400000000000e+07
1.647437500000000000e+07
1.647453400000000000e+07
1.647479500000000000e+07
1.647550600000000000e+07
1.650557600000000000e+07
1.650596000000000000e+07
1.656230500000000000e+07
1.657549100000000000e+07
1.660198400000000000e+07
1.660218100000000000e+07
1.662120400000000000e+07
1.662516800000000000e+07
1.662551000000000000e+07
1.665512300000000000e+07
1.665529400000000000e+07
1.667334600000000000e+07
1.667353000000000000e+07
1.669771400000000000e+07
1.673040000000000000e+07
1.676484800000000000e+07
1.677354400000000000e+07
1.677377400000000000e+07
1.680580700000000000e+07
1.680599200000000000e+07
1.686163600000000000e+07
1.688154700000000000e+07
1.688169500000000000e+07
1.692977500000000000e+07
1.692992900000000000e+07
1.693015700000000000e+07
1.693865500000000000e+07
1.693883300000000000e+07
1.694126400000000000e+07
1.694144400000000000e+07
1.694953100000000000e+07
1.701322900000000000e+07
1.701338800000000000e+07
1.701361900000000000e+07
1.703192600000000000e+07
1.703209000000000000e+07
1.715024500000000000e+07
1.715039700000000000e+07
1.715870100000000000e+07
1.715897200000000000e+07
1.716774000000000000e+07
1.716796700000000000e+07
1.717338700000000000e+07
1.725352700000000000e+07
1.730879100000000000e+07
1.730912500000000000e+07
1.733880600000000000e+07
1.736328500000000000e+07
1.736345000000000000e+07
1.738351500000000000e+07
1.738369300000000000e+07
1.738393200000000000e+07
1.740962700000000000e+07
1.741007600000000000e+07
1.741288900000000000e+07
1.741327600000000000e+07
1.747030600000000000e+07
1.747058200000000000e+07
1.747719900000000000e+07
1.747738500000000000e+07
1.748497500000000000e+07
1.753045800000000000e+07
1.753064000000000000e+07
1.753103000000000000e+07
1.755699500000000000e+07
1.755716900000000000e+07
1.760027000000000000e+07
1.760048100000000000e+07
1.760456900000000000e+07
1.760471600000000000e+07
1.760503300000000000e+07
1.762303600000000000e+07
1.769783900000000000e+07
1.770325700000000000e+07
1.772618900000000000e+07
1.776765600000000000e+07
1.776780800000000000e+07
1.777613400000000000e+07
1.777643500000000000e+07
1.778103100000000000e+07
1.780405100000000000e+07
1.784286900000000000e+07
1.784307600000000000e+07
1.790132700000000000e+07
1.790153300000000000e+07
1.791076900000000000e+07
1.792072400000000000e+07
1.792089400000000000e+07
1.797532400000000000e+07
1.797549900000000000e+07
1.798717200000000000e+07
1.798734600000000000e+07
1.798769900000000000e+07
1.801565200000000000e+07
1.801582200000000000e+07
1.803055300000000000e+07
1.803077200000000000e+07
1.803498600000000000e+07
1.803522500000000000e+07
1.804115600000000000e+07
1.804132100000000000e+07
1.804164400000000000e+07
1.806606400000000000e+07
1.806622500000000000e+07
1.807183300000000000e+07
1.808497700000000000e+07
1.808523600000000000e+07
1.808544500000000000e+07
1.810122400000000000e+07
1.810139100000000000e+07
1.810672600000000000e+07
1.810727100000000000e+07
1.811560400000000000e+07
1.812892400000000000e+07
1.812909300000000000e+07
1.812969700000000000e+07
1.813020100000000000e+07
1.813437500000000000e+07
1.815447100000000000e+07
1.816298200000000000e+07
1.816316600000000000e+07
1.817240300000000000e+07
1.827510000000000000e+07
1.830822300000000000e+07
1.830844000000000000e+07
1.830862200000000000e+07
1.832649700000000000e+07
1.832668200000000000e+07
1.834492900000000000e+07
1.834514300000000000e+07
1.836511800000000000e+07
1.836525600000000000e+07
1.836547400000000000e+07
1.842359300000000000e+07
1.842924000000000000e+07
1.842938300000000000e+07
1.843494900000000000e+07
1.843512000000000000e+07
1.844857500000000000e+07
1.844878600000000000e+07
1.848668600000000000e+07
1.848686900000000000e+07
1.852745300000000000e+07
1.860439500000000000e+07
1.860455400000000000e+07
1.860477300000000000e+07
1.863217600000000000e+07
1.863239600000000000e+07
1.864070300000000000e+07
1.864948300000000000e+07
1.865722300000000000e+07
1.865740600000000000e+07
1.865764800000000000e+07
1.867618000000000000e+07
1.867662100000000000e+07
1.868369400000000000e+07
1.869066800000000000e+07
1.869088900000000000e+07
1.869187600000000000e+07
1.869975000000000000e+07
1.874698300000000000e+07
1.874723100000000000e+07
1.875431100000000000e+07
1.875581900000000000e+07
1.876072000000000000e+07
1.876090500000000000e+07
1.882522700000000000e+07
1.882539300000000000e+07
1.885098700000000000e+07
1.885171300000000000e+07
1.888913700000000000e+07
1.888930600000000000e+07
1.893058200000000000e+07
1.893072800000000000e+07
1.893936700000000000e+07
1.893954800000000000e+07
1.904047200000000000e+07
1.904721200000000000e+07
1.905691300000000000e+07
1.908050300000000000e+07
1.908113900000000000e+07
1.909817500000000000e+07
1.910218200000000000e+07
1.910243300000000000e+07
1.913202700000000000e+07
1.913223700000000000e+07
1.913695000000000000e+07
1.913874200000000000e+07
1.913942800000000000e+07
1.917169600000000000e+07
1.917189300000000000e+07
1.923722600000000000e+07
1.923740300000000000e+07
1.924835200000000000e+07
1.924871900000000000e+07
1.931503100000000000e+07
1.931521400000000000e+07
1.931786200000000000e+07
1.931807400000000000e+07
1.940089100000000000e+07
1.940105000000000000e+07
1.940140700000000000e+07
1.940610600000000000e+07
1.946042300000000000e+07
1.946057100000000000e+07
1.948405800000000000e+07
1.948425100000000000e+07
1.953129500000000000e+07
1.953324300000000000e+07
1.953346300000000000e+07
1.960320000000000000e+07
1.960336700000000000e+07
1.961112400000000000e+07
1.961173100000000000e+07
1.966867700000000000e+07
1.967685700000000000e+07
1.967715600000000000e+07
1.971356100000000000e+07
1.971371100000000000e+07
1.971400600000000000e+07
1.975908400000000000e+07
1.976362800000000000e+07
1.979219700000000000e+07
1.982373500000000000e+07
1.982832700000000000e+07
1.983380600000000000e+07
1.983404400000000000e+07
1.983477000000000000e+07
1.983502000000000000e+07
1.983642800000000000e+07
1.989847200000000000e+07
1.989875900000000000e+07
1.991144000000000000e+07
1.997757400000000000e+07
1.997777000000000000e+07
2.001132000000000000e+07
2.001149900000000000e+07
2.003035000000000000e+07
2.003080400000000000e+07
2.005119100000000000e+07
2.005155300000000000e+07
2.005181000000000000e+07
2.005216600000000000e+07
2.007982000000000000e+07
2.008033000000000000e+07
2.012552100000000000e+07
2.012569400000000000e+07
2.014898100000000000e+07
2.017356600000000000e+07
2.018611000000000000e+07
2.020755100000000000e+07
2.020772800000000000e+07
2.020853900000000000e+07
2.020898400000000000e+07
2.021737200000000000e+07
2.022449500000000000e+07
2.022516700000000000e+07
2.022679200000000000e+07
2.022698500000000000e+07
2.023224500000000000e+07
2.023332700000000000e+07
2.023663700000000000e+07
2.029524600000000000e+07
2.029544200000000000e+07
2.029575600000000000e+07
2.040093200000000000e+07
2.040107700000000000e+07
2.043049800000000000e+07
2.043070300000000000e+07
2.043342800000000000e+07
2.043358400000000000e+07
2.043770500000000000e+07
2.044251000000000000e+07
2.044267800000000000e+07
2.047425500000000000e+07
2.047444500000000000e+07
2.050056200000000000e+07
2.053128900000000000e+07
2.053155200000000000e+07
2.055444400000000000e+07
2.055461600000000000e+07
2.060308200000000000e+07
2.060327000000000000e+07
2.060802700000000000e+07
2.062993700000000000e+07
2.068003600000000000e+07
2.069518400000000000e+07
2.069534500000000000e+07
2.073799000000000000e+07
2.074002600000000000e+07
2.074932600000000000e+07
2.074958800000000000e+07
2.075061200000000000e+07
2.075377500000000000e+07
2.075397100000000000e+07
2.077207400000000000e+07
2.077269600000000000e+07
2.077288000000000000e+07
2.082133000000000000e+07
2.082368400000000000e+07
2.082383700000000000e+07
2.082454200000000000e+07
2.082495900000000000e+07
2.085471200000000000e+07
2.085906300000000000e+07
2.085927100000000000e+07
2.089779000000000000e+07
2.090288600000000000e+07
2.090313100000000000e+07
2.096592100000000000e+07
2.096611500000000000e+07
2.098070500000000000e+07
2.098089200000000000e+07
2.098392300000000000e+07
2.099679600000000000e+07
2.102055700000000000e+07
2.106083700000000000e+07
2.106099200000000000e+07
2.106127200000000000e+07
2.111340500000000000e+07
2.111354600000000000e+07
2.111377600000000000e+07
2.115363800000000000e+07
2.115929100000000000e+07
2.115952200000000000e+07
2.120483700000000000e+07
2.121642000000000000e+07
2.121662900000000000e+07
2.122672700000000000e+07
2.122690500000000000e+07
2.122714000000000000e+07
2.123059500000000000e+07
2.123077000000000000e+07
2.125915800000000000e+07
2.127074300000000000e+07
2.127118700000000000e+07
2.127423700000000000e+07
2.127906800000000000e+07
2.132275200000000000e+07
2.132313100000000000e+07
2.133446500000000000e+07
2.133462000000000000e+07
2.134954000000000000e+07
2.135067800000000000e+07
2.135221000000000000e+07
2.135956600000000000e+07
2.135974900000000000e+07
2.137238400000000000e+07
2.137266700000000000e+07
2.138847900000000000e+07
2.147579600000000000e+07
2.147596000000000000e+07
2.147632800000000000e+07
2.149219500000000000e+07
2.152802900000000000e+07
2.152820500000000000e+07
2.153228100000000000e+07
2.153245700000000000e+07
2.154610700000000000e+07
2.154635600000000000e+07
2.156416500000000000e+07
2.162551300000000000e+07
2.162575500000000000e+07
2.162922800000000000e+07
2.162939000000000000e+07
2.170271400000000000e+07
2.170290700000000000e+07
2.192331700000000000e+07
2.192348200000000000e+07
2.192369200000000000e+07
2.192678400000000000e+07
2.192693700000000000e+07
2.194295600000000000e+07
2.195251200000000000e+07
2.195277600000000000e+07
2.199355400000000000e+07
2.199377900000000000e+07
2.201511800000000000e+07
2.201531100000000000e+07
2.201953300000000000e+07
2.201978200000000000e+07
2.203188600000000000e+07
2.203211700000000000e+07
2.204125500000000000e+07
2.208314000000000000e+07
2.208331300000000000e+07
2.208364800000000000e+07
2.208962400000000000e+07
2.208979100000000000e+07
2.222284500000000000e+07
2.222299600000000000e+07
2.227112100000000000e+07
2.233387500000000000e+07
2.233872100000000000e+07
2.233893200000000000e+07
2.234216200000000000e+07
2.234231300000000000e+07
2.235043400000000000e+07
2.238506200000000000e+07
2.238530300000000000e+07
2.238569100000000000e+07
2.251608100000000000e+07
2.252288100000000000e+07
2.254449500000000000e+07
2.254467000000000000e+07
2.254535600000000000e+07
2.254550700000000000e+07
2.254603000000000000e+07
2.255523700000000000e+07
2.263569800000000000e+07
2.263589100000000000e+07
2.263653800000000000e+07
2.263675000000000000e+07
2.266100500000000000e+07
2.267941200000000000e+07
2.267977000000000000e+07
2.270614000000000000e+07
2.270740600000000000e+07
2.270765200000000000e+07
2.276381300000000000e+07
2.276407300000000000e+07
2.278205700000000000e+07
2.279956500000000000e+07
2.285768200000000000e+07
2.285787000000000000e+07
2.285865200000000000e+07
2.285892000000000000e+07
2.294948200000000000e+07
2.294966100000000000e+07
2.297338200000000000e+07
2.297353500000000000e+07
2.301533100000000000e+07
2.301550400000000000e+07
2.317663300000000000e+07
2.317681000000000000e+07
2.323995700000000000e+07
2.324014600000000000e+07
2.332027400000000000e+07
2.332050300000000000e+07
2.332490100000000000e+07
2.332505600000000000e+07
2.333358200000000000e+07
2.333555700000000000e+07
2.333845700000000000e+07
2.333864300000000000e+07
2.334191400000000000e+07
2.335972600000000000e+07
2.345482200000000000e+07
2.345499000000000000e+07
2.345525400000000000e+07
2.347189600000000000e+07
2.347208300000000000e+07
2.353346800000000000e+07
2.353362200000000000e+07
2.353635000000000000e+07
2.353687700000000000e+07
2.354388600000000000e+07
2.354403100000000000e+07
2.354453200000000000e+07
2.366225700000000000e+07
2.366240200000000000e+07
2.371457700000000000e+07
2.371473800000000000e+07
2.371525200000000000e+07
2.377183900000000000e+07
2.378038300000000000e+07
2.378120200000000000e+07
2.384146400000000000e+07
2.386291200000000000e+07
2.386309100000000000e+07
2.416939700000000000e+07
2.416961500000000000e+07
2.420479300000000000e+07
2.420498600000000000e+07
2.420522700000000000e+07
2.423628500000000000e+07
2.423660400000000000e+07
2.423695900000000000e+07
2.424277600000000000e+07
2.424365900000000000e+07
2.424411600000000000e+07
2.424490800000000000e+07
2.429030200000000000e+07
2.429062100000000000e+07
2.429101100000000000e+07
2.433068400000000000e+07
2.433094700000000000e+07
2.433129300000000000e+07
2.444531200000000000e+07
2.444597000000000000e+07
2.444621600000000000e+07
2.445405400000000000e+07
2.445447000000000000e+07
2.445905200000000000e+07
2.445931100000000000e+07
2.446316800000000000e+07
2.464905700000000000e+07
2.464938200000000000e+07
2.466829800000000000e+07
2.487198000000000000e+07
2.494760500000000000e+07
2.500543200000000000e+07
2.500557900000000000e+07
2.500580200000000000e+07
2.500598800000000000e+07
2.500616400000000000e+07
2.501966000000000000e+07
2.502001600000000000e+07
2.508120200000000000e+07
2.508143700000000000e+07
2.508222100000000000e+07
2.508969000000000000e+07
2.508996200000000000e+07
2.509342100000000000e+07
2.509365700000000000e+07
2.509808900000000000e+07
2.510156900000000000e+07
2.510178500000000000e+07
2.515895200000000000e+07
2.518349500000000000e+07
2.518366900000000000e+07
2.518392000000000000e+07
2.519318100000000000e+07
2.519364000000000000e+07
2.520740400000000000e+07
2.522474600000000000e+07
2.522496200000000000e+07
2.522540900000000000e+07
2.524700800000000000e+07
2.524717200000000000e+07
2.529083100000000000e+07
2.529840900000000000e+07
2.529855000000000000e+07
2.530052500000000000e+07
2.530333100000000000e+07
2.530759900000000000e+07
2.530781100000000000e+07
2.531196600000000000e+07
2.545137800000000000e+07
2.547122300000000000e+07
2.547140100000000000e+07
2.547190500000000000e+07
2.555387700000000000e+07
2.555400300000000000e+07
2.556921600000000000e+07
2.556936600000000000e+07
2.556970300000000000e+07
2.559954100000000000e+07
2.561411000000000000e+07
2.561426800000000000e+07
2.575946600000000000e+07
2.575961000000000000e+07
2.593261400000000000e+07
2.593277400000000000e+07
2.593296500000000000e+07
2.593549800000000000e+07
2.593565200000000000e+07
2.594040900000000000e+07
2.594057700000000000e+07
2.594116400000000000e+07
2.594326500000000000e+07
2.594354100000000000e+07
2.594928700000000000e+07
2.594946600000000000e+07
2.595054700000000000e+07
2.595269100000000000e+07
2.595859000000000000e+07
2.602374200000000000e+07
2.602399100000000000e+07
2.602673300000000000e+07
2.603128200000000000e+07
2.603144100000000000e+07
2.604363200000000000e+07
2.608710100000000000e+07
2.608727500000000000e+07
2.612958600000000000e+07
2.612979200000000000e+07
2.614875500000000000e+07
2.614895700000000000e+07
2.616497800000000000e+07
2.616521200000000000e+07
2.617349000000000000e+07
2.617366700000000000e+07
2.617831600000000000e+07
2.618171600000000000e+07
2.618192700000000000e+07
2.618696900000000000e+07
2.618716400000000000e+07
2.619571100000000000e+07
2.624478000000000000e+07
2.624495500000000000e+07
2.627864100000000000e+07
2.629431500000000000e+07
2.629479000000000000e+07
2.629953000000000000e+07
2.638183600000000000e+07
2.638205300000000000e+07
2.642633700000000000e+07
2.642652500000000000e+07
2.642673100000000000e+07
2.644492600000000000e+07
2.648382400000000000e+07
2.661942100000000000e+07
2.662881200000000000e+07
2.662903100000000000e+07
2.664569800000000000e+07
2.664586900000000000e+07
2.669145800000000000e+07
2.669162400000000000e+07
2.669181400000000000e+07
2.669202300000000000e+07
2.669220600000000000e+07
2.676877300000000000e+07
2.676963000000000000e+07
2.676992100000000000e+07
2.677029600000000000e+07
2.677663900000000000e+07
2.677679700000000000e+07
2.678077900000000000e+07
2.678124300000000000e+07
2.678140700000000000e+07
2.678502400000000000e+07
2.678529800000000000e+07
2.678553700000000000e+07
2.685738100000000000e+07
2.685757900000000000e+07
2.686491100000000000e+07
2.686511500000000000e+07
2.687663600000000000e+07
2.687678900000000000e+07
2.692597700000000000e+07
2.692615100000000000e+07
2.692633900000000000e+07
2.696965500000000000e+07
2.696982300000000000e+07
2.699488700000000000e+07
2.699503900000000000e+07
2.700450400000000000e+07
2.700899800000000000e+07
2.700915500000000000e+07
2.701304400000000000e+07
2.701786200000000000e+07
2.701820800000000000e+07
2.701846600000000000e+07
2.711985500000000000e+07
2.712004500000000000e+07
2.712358200000000000e+07
2.712373800000000000e+07
2.723195500000000000e+07
2.723597300000000000e+07
2.727553700000000000e+07
2.727570800000000000e+07
2.727594200000000000e+07
2.730118100000000000e+07
2.730141400000000000e+07
2.730175800000000000e+07
2.737814800000000000e+07
2.743423700000000000e+07
2.743440600000000000e+07
2.752947500000000000e+07
2.753258300000000000e+07
2.760758000000000000e+07
2.760777100000000000e+07
2.760799500000000000e+07
2.761521600000000000e+07
2.766624000000000000e+07
2.766645500000000000e+07
2.773132800000000000e+07
2.773154900000000000e+07
2.783916600000000000e+07
2.783933900000000000e+07
2.788854700000000000e+07
2.788872700000000000e+07
2.792067500000000000e+07
2.794597800000000000e+07
2.800469900000000000e+07
2.823207800000000000e+07
2.825756700000000000e+07
2.825786400000000000e+07
2.835877500000000000e+07
2.837983900000000000e+07
2.838002200000000000e+07
2.841218800000000000e+07
2.841253800000000000e+07
2.842514500000000000e+07
2.842550700000000000e+07
2.846022000000000000e+07
2.846039200000000000e+07
2.846061800000000000e+07
2.846118000000000000e+07
2.849412200000000000e+07
2.849431300000000000e+07
2.860423400000000000e+07
2.860438000000000000e+07
2.860462500000000000e+07
2.862861800000000000e+07
2.862880400000000000e+07
2.863355000000000000e+07
2.864813200000000000e+07
2.864830500000000000e+07
2.864861600000000000e+07
2.864987900000000000e+07
2.865397300000000000e+07
2.866678200000000000e+07
2.866709500000000000e+07
2.866755700000000000e+07
2.867423600000000000e+07
2.867648500000000000e+07
2.867663600000000000e+07
2.871060200000000000e+07
2.871094400000000000e+07
2.874491400000000000e+07
2.875343000000000000e+07
2.875364200000000000e+07
2.875388300000000000e+07
2.875426800000000000e+07
2.877265400000000000e+07
2.877698400000000000e+07
2.877756000000000000e+07
2.891441800000000000e+07
2.891457800000000000e+07
2.893256300000000000e+07
2.895257500000000000e+07
2.895272300000000000e+07
2.895294600000000000e+07
2.895787300000000000e+07
2.897407300000000000e+07
2.897911400000000000e+07
2.897934900000000000e+07
2.897992200000000000e+07
2.898753800000000000e+07
2.898773400000000000e+07
2.903848400000000000e+07
2.903869100000000000e+07
2.904531500000000000e+07
2.904548000000000000e+07
2.906154600000000000e+07
2.908838000000000000e+07
2.908859400000000000e+07
2.916292900000000000e+07
2.916311900000000000e+07
2.917703300000000000e+07
2.917718900000000000e+07
2.918093600000000000e+07
2.918109600000000000e+07
2.918422600000000000e+07
2.920581400000000000e+07
2.926333200000000000e+07
2.929411100000000000e+07
2.929426900000000000e+07
2.933072700000000000e+07
2.934233800000000000e+07
2.935402400000000000e+07
2.935607700000000000e+07
2.939384800000000000e+07
2.939402600000000000e+07
2.940209700000000000e+07
2.940253700000000000e+07
2.941403700000000000e+07
2.941419800000000000e+07
2.941458500000000000e+07
2.947590900000000000e+07
2.947606800000000000e+07
2.948111400000000000e+07
2.948133200000000000e+07
2.948425400000000000e+07
2.948483300000000000e+07
2.949770500000000000e+07
2.950232300000000000e+07
2.950447100000000000e+07
2.950468400000000000e+07
2.957907100000000000e+07
2.957926400000000000e+07
2.959256700000000000e+07
2.969408100000000000e+07
2.969430400000000000e+07
2.971972500000000000e+07
2.972362000000000000e+07
2.972379700000000000e+07
2.982450900000000000e+07
2.982464600000000000e+07
2.982490000000000000e+07
2.986106200000000000e+07
2.986122500000000000e+07
2.996375300000000000e+07
2.996393200000000000e+07
3.005706200000000000e+07
3.005725400000000000e+07
3.028811100000000000e+07
3.028829200000000000e+07
3.033018100000000000e+07
3.033908900000000000e+07
3.033945900000000000e+07
3.033968800000000000e+07
3.035108800000000000e+07
3.035221800000000000e+07
3.035759300000000000e+07
3.036309800000000000e+07
3.040094400000000000e+07
3.040117200000000000e+07
3.040515200000000000e+07
3.040535700000000000e+07
3.041885500000000000e+07
3.055397400000000000e+07
3.056395600000000000e+07
3.056426200000000000e+07
3.059709400000000000e+07
3.059727400000000000e+07
3.069047900000000000e+07
3.069065000000000000e+07
3.072516000000000000e+07
3.072534800000000000e+07
3.072575100000000000e+07
3.079190200000000000e+07
3.079209800000000000e+07
3.080138000000000000e+07
3.084044000000000000e+07
3.084100200000000000e+07
3.085964300000000000e+07
3.085982700000000000e+07
3.087733800000000000e+07
3.087753000000000000e+07
3.087786500000000000e+07
3.093868700000000000e+07
3.093912800000000000e+07
3.093939300000000000e+07
3.094258500000000000e+07
3.094280200000000000e+07
3.094329300000000000e+07
3.100610300000000000e+07
3.100629600000000000e+07
3.114708400000000000e+07
3.114723900000000000e+07
3.114742400000000000e+07
3.129342800000000000e+07
3.140842500000000000e+07
3.141383200000000000e+07
3.141401500000000000e+07
3.146040600000000000e+07
3.146054400000000000e+07
3.146083100000000000e+07
3.155290800000000000e+07
3.155315000000000000e+07
3.155630300000000000e+07
3.155648600000000000e+07
3.157803500000000000e+07
3.157820700000000000e+07
3.157851900000000000e+07
3.157899900000000000e+07
3.159386800000000000e+07
3.159413200000000000e+07
3.164244500000000000e+07
3.164269100000000000e+07
3.165015200000000000e+07
3.165032000000000000e+07
3.180769200000000000e+07
3.180801000000000000e+07
3.180827400000000000e+07
3.184778200000000000e+07
3.184798200000000000e+07
3.188078900000000000e+07
3.188097200000000000e+07
3.188132600000000000e+07
3.188677300000000000e+07
3.201393600000000000e+07
3.205384900000000000e+07
3.205399700000000000e+07
3.211284500000000000e+07
3.213987600000000000e+07
3.214027400000000000e+07
3.214369200000000000e+07
3.214385200000000000e+07
3.219596700000000000e+07
3.227225000000000000e+07
3.227241700000000000e+07
3.227262500000000000e+07
3.233162200000000000e+07
3.233183000000000000e+07
3.235641100000000000e+07
3.235658900000000000e+07
3.236009400000000000e+07
3.238442400000000000e+07
3.238748500000000000e+07
3.238763600000000000e+07
3.238796200000000000e+07
3.239281800000000000e+07
3.239297500000000000e+07
3.239316300000000000e+07
3.239383500000000000e+07
3.247277300000000000e+07
3.247708300000000000e+07
3.247729600000000000e+07
3.250782800000000000e+07
3.250795700000000000e+07
3.250814200000000000e+07
3.250842400000000000e+07
3.251479300000000000e+07
3.251493800000000000e+07
3.252393600000000000e+07
3.253291500000000000e+07
3.253306900000000000e+07
3.253790700000000000e+07
3.254313700000000000e+07
3.257443900000000000e+07
3.271350700000000000e+07
3.271602200000000000e+07
3.271632300000000000e+07
3.271686500000000000e+07
3.271719800000000000e+07
3.271742700000000000e+07
3.272447500000000000e+07
3.282730400000000000e+07
3.282749700000000000e+07
3.282765800000000000e+07
3.287044000000000000e+07
3.287062200000000000e+07
3.287083200000000000e+07
3.294969300000000000e+07
3.297541300000000000e+07
3.297562400000000000e+07
3.304286800000000000e+07
3.304302600000000000e+07
3.305416900000000000e+07
3.305436300000000000e+07
3.317131700000000000e+07
3.317147700000000000e+07
3.317167200000000000e+07
3.337983300000000000e+07
3.339181400000000000e+07
3.339213000000000000e+07
3.339674100000000000e+07
3.339719000000000000e+07
3.357998200000000000e+07
3.360822600000000000e+07
3.360893100000000000e+07
3.365385300000000000e+07
3.365398700000000000e+07
3.365422800000000000e+07
3.370681900000000000e+07
3.370702700000000000e+07
3.370994700000000000e+07
3.371012100000000000e+07
3.371037200000000000e+07
3.371058300000000000e+07
3.371143900000000000e+07
3.371411300000000000e+07
3.371434300000000000e+07
3.371859200000000000e+07
3.371960100000000000e+07
3.382945200000000000e+07
3.382961800000000000e+07
3.384814600000000000e+07
3.384832000000000000e+07
3.384850700000000000e+07
3.387626000000000000e+07
3.399564700000000000e+07
3.399589500000000000e+07
3.399615900000000000e+07
3.401578400000000000e+07
3.401611900000000000e+07
3.408399000000000000e+07
3.409232900000000000e+07
3.409292700000000000e+07
3.411259000000000000e+07
3.411274600000000000e+07
3.411303800000000000e+07
3.415041700000000000e+07
3.416108200000000000e+07
3.417615700000000000e+07
3.426804700000000000e+07
3.426824500000000000e+07
3.426853700000000000e+07
3.435414400000000000e+07
3.457393300000000000e+07
3.466117200000000000e+07
3.466518300000000000e+07
3.466535800000000000e+07
3.466560000000000000e+07
3.467561000000000000e+07
3.467581300000000000e+07
3.467610600000000000e+07
3.467933300000000000e+07
3.475276300000000000e+07
3.475404900000000000e+07
3.475452600000000000e+07
3.479722000000000000e+07
3.489272300000000000e+07
3.489287800000000000e+07
3.492377000000000000e+07
3.493028600000000000e+07
3.493347100000000000e+07
3.493365100000000000e+07
3.493391000000000000e+07
3.493429700000000000e+07
3.500438300000000000e+07
3.507328100000000000e+07
3.507341100000000000e+07
3.507360900000000000e+07
3.509546400000000000e+07
3.509564900000000000e+07
3.513003600000000000e+07
3.513116500000000000e+07
3.513459200000000000e+07
3.513814000000000000e+07
3.513832300000000000e+07
3.514621400000000000e+07
3.514662100000000000e+07
3.515193900000000000e+07
3.515592600000000000e+07
3.515626200000000000e+07
3.517311800000000000e+07
3.517599800000000000e+07
3.517616600000000000e+07
3.517784700000000000e+07
3.530917200000000000e+07
3.530950700000000000e+07
3.532584500000000000e+07
3.532721900000000000e+07
3.536914300000000000e+07
3.549642500000000000e+07
3.549662300000000000e+07
3.553332300000000000e+07
3.553362600000000000e+07
3.554212300000000000e+07
3.558697000000000000e+07
3.558711200000000000e+07
3.558729600000000000e+07
3.558755400000000000e+07
3.561039700000000000e+07
3.561061300000000000e+07
3.561597600000000000e+07
3.561725100000000000e+07
3.561760900000000000e+07
3.562501900000000000e+07
3.568419000000000000e+07
3.568435700000000000e+07
3.568741900000000000e+07
3.570352600000000000e+07
3.570379500000000000e+07
3.580188500000000000e+07
3.580415700000000000e+07
3.580440600000000000e+07
3.580468700000000000e+07
3.582870300000000000e+07
3.582890700000000000e+07
3.583297600000000000e+07
3.583313600000000000e+07
3.583771100000000000e+07
3.591663000000000000e+07
3.591680500000000000e+07
3.594369400000000000e+07
3.596436000000000000e+07
3.596470200000000000e+07
3.597566800000000000e+07
3.597581500000000000e+07
3.597632300000000000e+07
3.597685300000000000e+07
3.601071000000000000e+07
3.601090100000000000e+07
3.602259900000000000e+07
3.602275700000000000e+07
3.606707100000000000e+07
3.606727500000000000e+07
3.607215200000000000e+07
3.607247800000000000e+07
3.607320200000000000e+07
3.609694000000000000e+07
3.609734600000000000e+07
3.611448000000000000e+07
3.611468600000000000e+07
3.611783200000000000e+07
3.611798500000000000e+07
3.612115600000000000e+07
3.612132000000000000e+07
3.615038900000000000e+07
3.615054100000000000e+07
3.615075600000000000e+07
3.615092700000000000e+07
3.615902600000000000e+07
3.615923200000000000e+07
3.627147600000000000e+07
3.627166400000000000e+07
3.634610900000000000e+07
3.636074500000000000e+07
3.636090700000000000e+07
3.640176800000000000e+07
3.640199800000000000e+07
3.642491700000000000e+07
3.642515600000000000e+07
3.648378600000000000e+07
3.648413300000000000e+07
3.649318800000000000e+07
3.649337800000000000e+07
3.649795700000000000e+07
3.649868500000000000e+07
3.650797700000000000e+07
3.658000400000000000e+07
3.658021100000000000e+07
3.658085100000000000e+07
3.659764900000000000e+07
3.659782400000000000e+07
3.660076000000000000e+07
3.660091800000000000e+07
3.661003000000000000e+07
3.661035300000000000e+07
3.661606100000000000e+07
3.662139400000000000e+07
3.662162800000000000e+07
3.663440500000000000e+07
3.663462900000000000e+07
3.663934500000000000e+07
3.665490900000000000e+07
3.669840000000000000e+07
3.670863100000000000e+07
3.670885200000000000e+07
3.671327300000000000e+07
3.671699100000000000e+07
3.671735300000000000e+07
3.672682500000000000e+07
3.677165100000000000e+07
3.677181400000000000e+07
3.678466700000000000e+07
3.687141700000000000e+07
3.687157700000000000e+07
3.689396900000000000e+07
3.689424700000000000e+07
3.691039300000000000e+07
3.691063800000000000e+07
3.693850500000000000e+07
3.693877100000000000e+07
3.693914700000000000e+07
3.694404800000000000e+07
3.694447800000000000e+07
3.694868300000000000e+07
3.697121000000000000e+07
3.697161600000000000e+07
3.698449200000000000e+07
3.699621900000000000e+07
3.699687400000000000e+07
3.700498400000000000e+07
3.701935600000000000e+07
3.701952300000000000e+07
3.702142800000000000e+07
3.702178700000000000e+07
3.702599400000000000e+07
3.702614100000000000e+07
3.702650100000000000e+07
3.702749000000000000e+07
3.707673200000000000e+07
3.716853400000000000e+07
3.716869500000000000e+07
3.719251900000000000e+07
3.719277500000000000e+07
3.720144300000000000e+07
3.720162900000000000e+07
3.723479600000000000e+07
3.724959000000000000e+07
3.724977300000000000e+07
3.724998500000000000e+07
3.730704600000000000e+07
3.730732100000000000e+07
3.733086600000000000e+07
3.733116400000000000e+07
3.733149500000000000e+07
3.733442600000000000e+07
3.733458000000000000e+07
3.734174600000000000e+07
3.734195700000000000e+07
3.734415000000000000e+07
3.737717200000000000e+07
3.744833000000000000e+07
3.744849500000000000e+07
3.744891500000000000e+07
3.744924100000000000e+07
3.746024400000000000e+07
3.749256000000000000e+07
3.754496000000000000e+07
3.754514300000000000e+07
3.755431700000000000e+07
3.755448800000000000e+07
3.755974200000000000e+07
3.756338400000000000e+07
3.756379900000000000e+07
3.762265400000000000e+07
3.763493400000000000e+07
3.766085800000000000e+07
3.766485200000000000e+07
3.766501700000000000e+07
3.770010200000000000e+07
3.770028600000000000e+07
3.772092900000000000e+07
3.772107700000000000e+07
3.772134500000000000e+07
3.773391400000000000e+07
3.773450200000000000e+07
3.776483300000000000e+07
3.778661300000000000e+07
3.779595300000000000e+07
3.779611900000000000e+07
3.779962800000000000e+07
3.780437600000000000e+07
3.780498200000000000e+07
3.783009900000000000e+07
3.783028900000000000e+07
3.787916200000000000e+07
3.787932900000000000e+07
3.787957200000000000e+07
3.787982100000000000e+07
3.803674800000000000e+07
3.803707600000000000e+07
3.820346800000000000e+07
3.820372900000000000e+07
3.820685200000000000e+07
3.820714200000000000e+07
3.828989800000000000e+07
3.829009800000000000e+07
3.829032300000000000e+07
3.829414500000000000e+07
3.829446300000000000e+07
3.829463600000000000e+07
3.830710200000000000e+07
3.830770900000000000e+07
3.830901100000000000e+07
3.830918900000000000e+07
3.831381500000000000e+07
3.831747500000000000e+07
3.834822100000000000e+07
3.838268100000000000e+07
3.838287400000000000e+07
3.848555000000000000e+07
3.852192800000000000e+07
3.855545400000000000e+07
3.855563200000000000e+07
3.855987800000000000e+07
3.856007900000000000e+07
3.856031600000000000e+07
3.856280400000000000e+07
3.856293100000000000e+07
3.856314300000000000e+07
3.856366900000000000e+07
3.857684000000000000e+07
3.862871300000000000e+07
3.870851800000000000e+07
3.870868200000000000e+07
3.871871200000000000e+07
3.871888900000000000e+07
3.874940900000000000e+07
3.874958000000000000e+07
3.876737500000000000e+07
3.877542400000000000e+07
3.877560500000000000e+07
3.879263000000000000e+07
3.879456100000000000e+07
3.881105800000000000e+07
3.881124000000000000e+07
3.886176600000000000e+07
3.887952900000000000e+07
3.887989800000000000e+07
3.888605400000000000e+07
3.893851700000000000e+07
3.893871700000000000e+07
3.896852500000000000e+07
3.896872600000000000e+07
3.898878500000000000e+07
3.898899900000000000e+07
3.901195700000000000e+07
3.901218100000000000e+07
3.901941900000000000e+07
3.902306400000000000e+07
3.902324500000000000e+07
3.910611500000000000e+07
3.910626000000000000e+07
3.910650000000000000e+07
3.910671600000000000e+07
3.910691900000000000e+07
3.910714300000000000e+07
3.912003100000000000e+07
3.912023100000000000e+07
3.912631100000000000e+07
3.912715400000000000e+07
3.912982400000000000e+07
3.913250900000000000e+07
3.916523500000000000e+07
3.921754100000000000e+07
3.921772500000000000e+07
3.923154200000000000e+07
3.925110000000000000e+07
3.925132100000000000e+07
3.927519100000000000e+07
3.934099000000000000e+07
3.934119100000000000e+07
3.934829400000000000e+07
3.934843200000000000e+07
3.934888600000000000e+07
3.934919500000000000e+07
3.935312200000000000e+07
3.935344400000000000e+07
3.949793800000000000e+07
3.950194400000000000e+07
3.950217900000000000e+07
3.951062300000000000e+07
3.951389100000000000e+07
3.951415300000000000e+07
3.951871100000000000e+07
3.955990300000000000e+07
3.956818100000000000e+07
3.956916900000000000e+07
3.957314400000000000e+07
3.958614100000000000e+07
3.960053500000000000e+07
3.960079300000000000e+07
3.970283400000000000e+07
3.970308400000000000e+07
3.970335700000000000e+07
3.970510000000000000e+07
3.970532300000000000e+07
3.976682000000000000e+07
3.976708200000000000e+07
3.977283200000000000e+07
3.979703500000000000e+07
3.988949000000000000e+07
3.988966700000000000e+07
3.990114100000000000e+07
3.990130300000000000e+07
3.997705200000000000e+07
3.997726000000000000e+07
3.998422200000000000e+07
3.998441300000000000e+07
4.000983400000000000e+07
4.001088800000000000e+07
4.001111000000000000e+07
4.001664500000000000e+07
4.001686300000000000e+07
4.002459300000000000e+07
4.002473800000000000e+07
4.006689400000000000e+07
4.008861900000000000e+07
4.008879000000000000e+07
4.009015800000000000e+07
4.011001200000000000e+07
4.011992500000000000e+07
4.012014900000000000e+07
4.012034800000000000e+07
4.012096600000000000e+07
4.015750200000000000e+07
4.015796900000000000e+07
4.019982000000000000e+07
4.020001400000000000e+07
4.020093700000000000e+07
4.023281800000000000e+07
4.026931200000000000e+07
4.026949500000000000e+07
4.027379500000000000e+07
4.027395800000000000e+07
4.027441500000000000e+07
4.027760400000000000e+07
4.028242500000000000e+07
4.028291100000000000e+07
4.034738200000000000e+07
4.043914600000000000e+07
4.043938800000000000e+07
4.045552000000000000e+07
4.053137800000000000e+07
4.053161200000000000e+07
4.053184200000000000e+07
4.055664800000000000e+07
4.056120000000000000e+07
4.056136900000000000e+07
4.056165800000000000e+07
4.056621200000000000e+07
4.056641000000000000e+07
4.056688400000000000e+07
4.057691000000000000e+07
4.057708500000000000e+07
4.062147500000000000e+07
4.062183100000000000e+07
4.062206900000000000e+07
4.063380600000000000e+07
4.063404500000000000e+07
4.068080000000000000e+07
4.069439600000000000e+07
4.069476300000000000e+07
4.070912800000000000e+07
4.070928900000000000e+07
4.070984400000000000e+07
4.071002600000000000e+07
4.071031600000000000e+07
4.074133200000000000e+07
4.074149600000000000e+07
4.074197700000000000e+07
4.074214000000000000e+07
4.078080400000000000e+07
4.078119300000000000e+07
4.078143900000000000e+07
4.081742400000000000e+07
4.099493100000000000e+07
4.099836000000000000e+07
4.099857500000000000e+07
4.100252400000000000e+07
4.100269700000000000e+07
4.101022700000000000e+07
4.101039100000000000e+07
4.101058800000000000e+07
4.101632500000000000e+07
4.101665100000000000e+07
4.110940800000000000e+07
4.110958600000000000e+07
4.126214000000000000e+07
4.126234500000000000e+07
4.151091000000000000e+07
4.151108900000000000e+07
4.152188600000000000e+07
4.152205900000000000e+07
4.164729900000000000e+07
4.182914200000000000e+07
4.182927600000000000e+07
4.182945900000000000e+07
4.182969200000000000e+07
4.184484100000000000e+07
4.184528300000000000e+07
4.184579100000000000e+07
4.204973000000000000e+07
4.204989100000000000e+07
4.205021500000000000e+07
4.230355300000000000e+07
4.230371700000000000e+07
4.246338000000000000e+07
4.246358000000000000e+07
4.246377100000000000e+07
4.248821100000000000e+07
4.250612800000000000e+07
4.250641500000000000e+07
4.251053800000000000e+07
4.251094400000000000e+07
4.255089400000000000e+07
4.255108500000000000e+07
4.255137400000000000e+07
4.271962300000000000e+07
4.271988200000000000e+07
4.272025300000000000e+07
4.274994400000000000e+07
4.277662300000000000e+07
4.320972200000000000e+07
4.335454500000000000e+07
4.347223400000000000e+07
4.352683000000000000e+07
4.382326300000000000e+07
4.382344700000000000e+07
4.396364800000000000e+07
4.396393300000000000e+07
4.403053900000000000e+07
4.403074000000000000e+07
4.403110400000000000e+07
4.408995200000000000e+07
4.435729700000000000e+07
4.435747600000000000e+07
4.462337200000000000e+07
4.470537700000000000e+07
4.478215900000000000e+07
4.480313400000000000e+07
4.482684000000000000e+07
4.482703300000000000e+07
4.482739700000000000e+07
4.483936300000000000e+07
4.483993800000000000e+07
4.485108100000000000e+07
4.501035100000000000e+07
4.501059600000000000e+07
4.502184300000000000e+07
4.502213200000000000e+07
4.502469500000000000e+07
4.502639400000000000e+07
4.502660200000000000e+07
4.502863400000000000e+07
4.502883000000000000e+07
4.502900400000000000e+07
4.503372700000000000e+07
4.503404100000000000e+07
4.509147900000000000e+07
4.520451500000000000e+07
4.520868600000000000e+07
4.522858100000000000e+07
4.522876800000000000e+07
4.523360200000000000e+07
4.523444300000000000e+07
4.524063300000000000e+07
4.524078300000000000e+07
4.524993100000000000e+07
4.535644100000000000e+07
4.589239000000000000e+07
4.589253900000000000e+07
4.589816800000000000e+07
4.590372300000000000e+07
4.593654800000000000e+07
4.594106200000000000e+07
4.594134400000000000e+07
4.597032000000000000e+07
4.597562500000000000e+07
4.602120600000000000e+07
4.602567500000000000e+07
4.602599100000000000e+07
4.618858000000000000e+07
4.621008900000000000e+07
4.625253000000000000e+07
4.625296900000000000e+07
4.625689900000000000e+07
4.631796200000000000e+07
4.631816700000000000e+07
4.631867000000000000e+07
4.645658500000000000e+07
4.652704000000000000e+07
4.652724500000000000e+07
4.652782800000000000e+07
4.652800300000000000e+07
4.653071600000000000e+07
4.653092000000000000e+07
4.653971000000000000e+07
4.666128500000000000e+07
4.667788700000000000e+07
4.667815000000000000e+07
4.669112500000000000e+07
4.669131800000000000e+07
4.690451300000000000e+07
4.690473900000000000e+07
4.690513900000000000e+07
4.700967900000000000e+07
4.700983200000000000e+07
4.717279000000000000e+07
4.745775500000000000e+07
4.745795100000000000e+07
4.748747600000000000e+07
4.749001300000000000e+07
4.749024600000000000e+07
4.751214800000000000e+07
4.751232200000000000e+07
4.752404700000000000e+07
4.752433000000000000e+07
4.752503500000000000e+07
4.764625400000000000e+07
4.769791500000000000e+07
4.846160800000000000e+07
4.847780700000000000e+07
4.847804700000000000e+07
4.850836600000000000e+07
4.850850500000000000e+07
4.850879200000000000e+07
4.867628000000000000e+07
4.867649100000000000e+07
4.870792000000000000e+07
4.875522400000000000e+07
4.875545800000000000e+07
4.875566600000000000e+07
4.880115400000000000e+07
4.888885500000000000e+07
4.908616800000000000e+07
4.908641000000000000e+07
4.908657900000000000e+07
4.909043300000000000e+07
4.909063500000000000e+07
4.924210400000000000e+07
4.926588300000000000e+07
4.927157100000000000e+07
4.927421200000000000e+07
4.927438500000000000e+07
4.932061800000000000e+07
4.932078100000000000e+07
4.939122700000000000e+07
4.939485800000000000e+07
4.939505600000000000e+07
4.939527700000000000e+07
4.946721000000000000e+07
4.946739100000000000e+07
4.947114000000000000e+07
4.947133400000000000e+07
4.947441200000000000e+07
4.947513800000000000e+07
4.949684100000000000e+07
4.956461500000000000e+07
4.956509400000000000e+07
4.959873500000000000e+07
4.960674000000000000e+07
4.966823600000000000e+07
4.966844500000000000e+07
4.975047800000000000e+07
4.975416300000000000e+07
4.975434000000000000e+07
4.989396300000000000e+07
4.989414800000000000e+07
4.992260800000000000e+07
4.992276900000000000e+07
5.001258900000000000e+07
5.001278400000000000e+07
5.001297500000000000e+07
5.054485900000000000e+07
5.075983300000000000e+07
5.082942300000000000e+07
5.082970100000000000e+07
5.091809600000000000e+07
5.094425400000000000e+07
5.094442800000000000e+07
5.098760200000000000e+07
5.099077900000000000e+07
5.099095800000000000e+07
5.099125900000000000e+07
5.099636100000000000e+07
5.111296200000000000e+07
5.133270600000000000e+07
5.134027700000000000e+07
5.134843600000000000e+07
5.134860500000000000e+07
5.134897300000000000e+07
5.142838000000000000e+07
5.157661100000000000e+07
5.157678200000000000e+07
5.160687400000000000e+07
5.161145100000000000e+07
5.161162800000000000e+07
5.194097300000000000e+07
5.196042100000000000e+07
5.196060300000000000e+07
5.196079200000000000e+07
5.226712600000000000e+07
5.247839500000000000e+07
5.251737200000000000e+07
5.251758000000000000e+07
5.265107400000000000e+07
5.268993900000000000e+07
5.275759800000000000e+07
5.275779700000000000e+07
5.275804800000000000e+07
5.287324100000000000e+07
5.291889100000000000e+07
5.292409100000000000e+07
5.294456000000000000e+07
5.294470400000000000e+07
5.296186000000000000e+07
5.296201700000000000e+07
5.311915400000000000e+07
5.317218100000000000e+07
5.317244100000000000e+07
5.317303500000000000e+07
5.319784000000000000e+07
5.327433700000000000e+07
5.329424400000000000e+07
5.338432400000000000e+07
5.338450100000000000e+07
5.340118500000000000e+07
5.356248900000000000e+07
5.360377200000000000e+07
5.364315300000000000e+07
5.364345900000000000e+07
5.364369200000000000e+07
5.364401400000000000e+07
5.378826200000000000e+07
5.388628200000000000e+07
5.388674500000000000e+07
5.388719500000000000e+07
5.388739700000000000e+07
5.395333800000000000e+07
5.395375800000000000e+07
5.418928200000000000e+07
5.418952700000000000e+07
5.419542900000000000e+07
5.419597000000000000e+07
5.447210700000000000e+07
5.453366600000000000e+07
5.453387700000000000e+07
5.466452200000000000e+07
5.492741000000000000e+07
5.492756300000000000e+07
5.492780200000000000e+07
5.559120800000000000e+07
5.575971300000000000e+07
5.623166500000000000e+07
5.634083400000000000e+07
5.634102000000000000e+07
5.634119800000000000e+07
5.642508400000000000e+07
5.649699900000000000e+07
5.654367200000000000e+07
5.714938300000000000e+07
5.718339200000000000e+07
5.721128100000000000e+07
5.721155000000000000e+07
5.726787500000000000e+07
5.780238300000000000e+07
5.780259200000000000e+07
5.780278700000000000e+07
5.793093800000000000e+07
5.799349000000000000e+07
5.815709300000000000e+07
5.822850100000000000e+07
5.822871400000000000e+07
5.822991400000000000e+07
5.849030000000000000e+07
5.853513400000000000e+07
5.856623000000000000e+07
5.856641800000000000e+07
5.896208100000000000e+07
5.896223500000000000e+07
5.896240500000000000e+07
5.897852300000000000e+07
5.897871900000000000e+07
5.897890200000000000e+07
5.920649000000000000e+07
5.920666900000000000e+07
5.920698400000000000e+07
5.920869700000000000e+07
5.920951000000000000e+07
5.920984900000000000e+07
5.921004800000000000e+07
5.921088800000000000e+07
5.921869100000000000e+07
5.929000900000000000e+07
5.929024800000000000e+07
5.961926600000000000e+07
5.961948900000000000e+07
5.961974700000000000e+07
5.961998700000000000e+07
5.962025300000000000e+07
5.983862000000000000e+07
5.983880600000000000e+07
5.984146500000000000e+07
6.053958900000000000e+07
6.054059900000000000e+07
6.064443900000000000e+07
6.064467000000000000e+07
6.067124900000000000e+07
6.067145800000000000e+07
6.067180700000000000e+07
6.081197400000000000e+07
6.086896700000000000e+07
6.086913800000000000e+07
6.099407900000000000e+07
6.099424300000000000e+07
6.108497400000000000e+07
6.108516400000000000e+07
6.131474200000000000e+07
6.132411300000000000e+07
6.135019800000000000e+07
6.135048300000000000e+07
6.137505800000000000e+07
6.139096700000000000e+07
6.139115000000000000e+07
6.140848700000000000e+07
6.140895000000000000e+07
6.141335100000000000e+07
6.141354600000000000e+07
6.141795500000000000e+07
6.141814000000000000e+07
6.143441300000000000e+07
6.143468900000000000e+07
6.145433300000000000e+07
6.145922900000000000e+07
6.146351900000000000e+07
6.157215700000000000e+07
6.157240200000000000e+07
6.169239100000000000e+07
6.169261400000000000e+07
6.174643600000000000e+07
6.181325100000000000e+07
6.181422000000000000e+07
6.181438600000000000e+07
6.181467200000000000e+07
6.187224000000000000e+07
6.188070200000000000e+07
6.188094600000000000e+07
6.188206700000000000e+07
6.188458800000000000e+07
6.188485300000000000e+07
6.188989300000000000e+07
6.196855200000000000e+07
6.196881800000000000e+07
6.212440600000000000e+07
6.214278000000000000e+07
6.214302300000000000e+07
6.215866800000000000e+07
6.217575900000000000e+07
6.221897700000000000e+07
6.221923400000000000e+07
6.229290600000000000e+07
6.229306100000000000e+07
6.241891800000000000e+07
6.241912700000000000e+07
6.241938700000000000e+07
6.261821300000000000e+07
6.261840700000000000e+07
6.280706800000000000e+07
6.280726000000000000e+07
6.280742400000000000e+07
6.290810300000000000e+07
6.290883400000000000e+07
6.291979200000000000e+07
6.304797300000000000e+07
6.304833700000000000e+07
6.327979400000000000e+07
6.337864600000000000e+07
6.337885900000000000e+07
6.343074100000000000e+07
6.343137200000000000e+07
6.343155800000000000e+07
6.352778800000000000e+07
6.352800700000000000e+07
6.365179000000000000e+07
6.365194300000000000e+07
6.365218000000000000e+07
6.371653100000000000e+07
6.374550600000000000e+07
6.378139300000000000e+07
6.378157900000000000e+07
6.379643400000000000e+07
6.384103800000000000e+07
6.386968300000000000e+07
6.391311900000000000e+07
6.391327700000000000e+07
6.391353800000000000e+07
6.398185800000000000e+07
6.398209600000000000e+07
6.398885300000000000e+07
6.402996800000000000e+07
6.403022700000000000e+07
6.426743700000000000e+07
6.427246700000000000e+07
6.428826900000000000e+07
6.428844900000000000e+07
6.431079000000000000e+07
6.451018200000000000e+07
6.451042400000000000e+07
6.451063100000000000e+07
6.452586200000000000e+07
6.453604100000000000e+07
6.453622900000000000e+07
6.460611100000000000e+07
6.460635200000000000e+07
6.460654700000000000e+07
6.461373100000000000e+07
6.461393100000000000e+07
6.461410200000000000e+07
6.471142400000000000e+07
6.481827000000000000e+07
6.482119600000000000e+07
6.482137600000000000e+07
6.482170800000000000e+07
6.482595600000000000e+07
6.482614700000000000e+07
6.483079700000000000e+07
6.483101100000000000e+07
6.494580200000000000e+07
6.494596000000000000e+07
6.497249300000000000e+07
6.497265400000000000e+07
6.508940600000000000e+07
6.508959400000000000e+07
6.510893700000000000e+07
6.520489300000000000e+07
6.520504900000000000e+07
6.520522500000000000e+07
6.550820300000000000e+07
6.553527000000000000e+07
6.553927300000000000e+07
6.553945700000000000e+07
6.553970200000000000e+07
6.555131900000000000e+07
6.555153300000000000e+07
6.568025300000000000e+07
6.568041400000000000e+07
6.568067000000000000e+07
6.575870500000000000e+07
6.575894100000000000e+07
6.575917600000000000e+07
6.580205000000000000e+07
6.593513300000000000e+07
6.593533700000000000e+07
6.593575900000000000e+07
6.593652200000000000e+07
6.604890400000000000e+07
6.604908100000000000e+07
6.608188400000000000e+07
6.608207000000000000e+07
6.624296600000000000e+07
6.624312500000000000e+07
6.627019600000000000e+07
6.627048300000000000e+07
6.629097800000000000e+07
6.629677800000000000e+07
6.629699900000000000e+07
6.645744000000000000e+07
6.645763400000000000e+07
6.645784700000000000e+07
6.661097000000000000e+07
6.661117000000000000e+07
6.672683300000000000e+07
6.672701900000000000e+07
6.672724200000000000e+07
6.676424800000000000e+07
6.676441500000000000e+07
6.676492200000000000e+07
6.676519200000000000e+07
6.676544300000000000e+07
6.694699500000000000e+07
6.704750700000000000e+07
6.708715200000000000e+07
6.708740300000000000e+07
6.711553800000000000e+07
6.711574100000000000e+07
6.712318300000000000e+07
6.712347000000000000e+07
6.713422500000000000e+07
6.713439500000000000e+07
6.713468900000000000e+07
6.715583900000000000e+07
6.716452700000000000e+07
6.716481900000000000e+07
6.727645600000000000e+07
6.727661900000000000e+07
6.727690400000000000e+07
6.727718300000000000e+07
6.728101600000000000e+07
6.750739500000000000e+07
6.763016400000000000e+07
6.785115300000000000e+07
6.834617900000000000e+07
6.834640400000000000e+07
6.869068000000000000e+07
6.909093900000000000e+07
6.922714200000000000e+07
6.938450200000000000e+07
6.938485300000000000e+07
6.938505900000000000e+07
6.996450900000000000e+07
7.041971000000000000e+07
7.099826900000000000e+07
7.106039000000000000e+07
7.121753900000000000e+07
7.121776800000000000e+07
7.147221500000000000e+07
7.159120200000000000e+07
7.201281700000000000e+07
7.202996200000000000e+07
7.209719500000000000e+07
7.247764700000000000e+07
7.247814300000000000e+07
7.270716600000000000e+07
7.298780000000000000e+07
7.303786700000000000e+07
7.336578400000000000e+07
