2.925700000000000000e+04
1.017130000000000000e+05
1.268930000000000000e+05
1.356270000000000000e+05
1.952500000000000000e+05
2.262690000000000000e+05
3.505980000000000000e+05
3.900240000000000000e+05
4.174760000000000000e+05
4.463810000000000000e+05
4.763110000000000000e+05
4.764830000000000000e+05
4.942630000000000000e+05
4.944020000000000000e+05
5.010940000000000000e+05
5.011610000000000000e+05
5.053680000000000000e+05
5.055430000000000000e+05
5.611610000000000000e+05
5.775470000000000000e+05
6.482960000000000000e+05
6.762510000000000000e+05
6.969450000000000000e+05
6.970730000000000000e+05
6.973660000000000000e+05
7.076710000000000000e+05
7.350120000000000000e+05
7.354880000000000000e+05
7.517970000000000000e+05
7.530780000000000000e+05
7.685650000000000000e+05
7.712640000000000000e+05
7.714340000000000000e+05
7.761390000000000000e+05
7.947060000000000000e+05
8.428540000000000000e+05
8.472290000000000000e+05
8.817940000000000000e+05
9.084720000000000000e+05
9.096630000000000000e+05
9.181200000000000000e+05
9.221080000000000000e+05
9.308860000000000000e+05
9.577530000000000000e+05
9.777520000000000000e+05
9.787140000000000000e+05
1.020293000000000000e+06
1.020524000000000000e+06
1.020930000000000000e+06
1.026592000000000000e+06
1.058774000000000000e+06
1.065025000000000000e+06
1.095679000000000000e+06
1.104298000000000000e+06
1.114051000000000000e+06
1.124076000000000000e+06
1.138522000000000000e+06
1.145651000000000000e+06
1.151736000000000000e+06
1.178907000000000000e+06
1.187662000000000000e+06
1.187877000000000000e+06
1.199964000000000000e+06
1.267577000000000000e+06
1.267853000000000000e+06
1.270928000000000000e+06
1.289786000000000000e+06
1.321714000000000000e+06
1.322580000000000000e+06
1.326608000000000000e+06
1.337011000000000000e+06
1.347322000000000000e+06
1.351826000000000000e+06
1.403208000000000000e+06
1.406132000000000000e+06
1.420259000000000000e+06
1.420355000000000000e+06
1.420468000000000000e+06
1.420609000000000000e+06
1.422032000000000000e+06
1.422220000000000000e+06
1.450790000000000000e+06
1.466603000000000000e+06
1.470353000000000000e+06
1.498472000000000000e+06
1.521205000000000000e+06
1.601711000000000000e+06
1.615523000000000000e+06
1.644748000000000000e+06
1.714561000000000000e+06
1.731980000000000000e+06
1.769383000000000000e+06
1.799934000000000000e+06
1.822971000000000000e+06
1.832391000000000000e+06
1.838157000000000000e+06
1.840538000000000000e+06
1.848226000000000000e+06
1.848902000000000000e+06
1.883819000000000000e+06
1.889618000000000000e+06
1.890005000000000000e+06
1.913615000000000000e+06
1.949813000000000000e+06
2.002648000000000000e+06
2.003039000000000000e+06
2.055303000000000000e+06
2.060757000000000000e+06
2.113652000000000000e+06
2.177952000000000000e+06
2.179313000000000000e+06
2.249048000000000000e+06
2.321082000000000000e+06
2.406002000000000000e+06
2.406673000000000000e+06
2.421008000000000000e+06
2.422638000000000000e+06
2.432168000000000000e+06
2.441663000000000000e+06
2.482620000000000000e+06
2.490808000000000000e+06
2.499110000000000000e+06
2.529547000000000000e+06
2.561570000000000000e+06
2.561706000000000000e+06
2.562775000000000000e+06
2.570915000000000000e+06
2.581433000000000000e+06
2.582756000000000000e+06
2.589377000000000000e+06
2.650243000000000000e+06
2.655122000000000000e+06
2.660171000000000000e+06
2.676641000000000000e+06
2.678870000000000000e+06
2.685274000000000000e+06
2.693853000000000000e+06
2.744481000000000000e+06
2.748110000000000000e+06
2.789441000000000000e+06
2.795976000000000000e+06
2.797310000000000000e+06
2.819969000000000000e+06
2.829952000000000000e+06
2.839049000000000000e+06
2.845072000000000000e+06
2.852924000000000000e+06
2.858548000000000000e+06
2.861567000000000000e+06
2.862006000000000000e+06
2.869139000000000000e+06
2.871568000000000000e+06
2.877295000000000000e+06
2.909478000000000000e+06
2.913599000000000000e+06
2.928020000000000000e+06
2.999463000000000000e+06
3.075620000000000000e+06
3.110298000000000000e+06
3.110403000000000000e+06
3.110560000000000000e+06
3.198801000000000000e+06
3.198941000000000000e+06
3.284237000000000000e+06
3.343888000000000000e+06
3.345017000000000000e+06
3.380544000000000000e+06
3.406183000000000000e+06
3.408564000000000000e+06
3.408703000000000000e+06
3.408880000000000000e+06
3.409124000000000000e+06
3.476480000000000000e+06
3.557712000000000000e+06
3.606705000000000000e+06
3.639117000000000000e+06
3.667716000000000000e+06
3.683076000000000000e+06
3.683456000000000000e+06
3.694660000000000000e+06
3.703227000000000000e+06
3.703500000000000000e+06
3.749450000000000000e+06
3.758990000000000000e+06
3.759134000000000000e+06
3.762508000000000000e+06
3.762683000000000000e+06
3.772893000000000000e+06
3.773041000000000000e+06
3.810841000000000000e+06
3.835249000000000000e+06
3.842309000000000000e+06
3.855856000000000000e+06
3.856945000000000000e+06
3.925246000000000000e+06
3.956027000000000000e+06
4.029681000000000000e+06
4.030040000000000000e+06
4.059773000000000000e+06
4.076031000000000000e+06
4.169383000000000000e+06
4.181706000000000000e+06
4.196918000000000000e+06
4.197351000000000000e+06
4.215270000000000000e+06
4.235025000000000000e+06
4.251501000000000000e+06
4.251660000000000000e+06
4.252078000000000000e+06
4.278465000000000000e+06
4.290821000000000000e+06
4.322988000000000000e+06
4.323322000000000000e+06
4.375994000000000000e+06
4.381445000000000000e+06
4.392888000000000000e+06
4.396344000000000000e+06
4.436520000000000000e+06
4.450704000000000000e+06
4.543793000000000000e+06
4.562995000000000000e+06
4.568964000000000000e+06
4.569254000000000000e+06
4.572897000000000000e+06
4.576924000000000000e+06
4.598211000000000000e+06
4.617484000000000000e+06
4.622950000000000000e+06
4.631062000000000000e+06
4.633524000000000000e+06
4.654857000000000000e+06
4.692462000000000000e+06
4.692760000000000000e+06
4.702048000000000000e+06
4.727757000000000000e+06
4.728845000000000000e+06
4.770305000000000000e+06
4.778978000000000000e+06
4.858501000000000000e+06
4.881047000000000000e+06
4.897777000000000000e+06
4.898920000000000000e+06
4.906430000000000000e+06
4.919191000000000000e+06
4.932894000000000000e+06
4.933612000000000000e+06
4.958340000000000000e+06
4.964016000000000000e+06
4.973065000000000000e+06
4.978281000000000000e+06
5.007591000000000000e+06
5.054971000000000000e+06
5.055275000000000000e+06
5.069443000000000000e+06
5.070167000000000000e+06
5.086459000000000000e+06
5.086961000000000000e+06
5.091768000000000000e+06
5.100098000000000000e+06
5.109317000000000000e+06
5.143508000000000000e+06
5.159754000000000000e+06
5.176025000000000000e+06
5.215249000000000000e+06
5.217859000000000000e+06
5.242119000000000000e+06
5.249574000000000000e+06
5.334315000000000000e+06
5.339521000000000000e+06
5.349636000000000000e+06
5.360201000000000000e+06
5.425534000000000000e+06
5.425640000000000000e+06
5.425905000000000000e+06
5.445248000000000000e+06
5.446520000000000000e+06
5.495783000000000000e+06
5.496016000000000000e+06
5.496073000000000000e+06
5.496380000000000000e+06
5.497326000000000000e+06
5.498184000000000000e+06
5.510113000000000000e+06
5.511685000000000000e+06
5.518673000000000000e+06
5.579531000000000000e+06
5.579677000000000000e+06
5.604480000000000000e+06
5.614339000000000000e+06
5.630236000000000000e+06
5.648614000000000000e+06
5.651986000000000000e+06
5.677954000000000000e+06
5.695568000000000000e+06
5.706264000000000000e+06
5.729166000000000000e+06
5.749815000000000000e+06
5.755015000000000000e+06
5.773836000000000000e+06
5.777117000000000000e+06
5.782043000000000000e+06
5.786418000000000000e+06
5.791925000000000000e+06
5.794027000000000000e+06
5.795222000000000000e+06
5.806676000000000000e+06
5.806865000000000000e+06
5.810021000000000000e+06
5.844474000000000000e+06
5.862517000000000000e+06
5.873194000000000000e+06
5.888107000000000000e+06
5.921885000000000000e+06
5.986492000000000000e+06
6.000238000000000000e+06
6.004657000000000000e+06
6.029616000000000000e+06
6.031615000000000000e+06
6.037891000000000000e+06
6.047052000000000000e+06
6.068787000000000000e+06
6.091358000000000000e+06
6.091510000000000000e+06
6.152300000000000000e+06
6.152788000000000000e+06
6.153737000000000000e+06
6.157605000000000000e+06
6.169516000000000000e+06
6.182362000000000000e+06
6.184420000000000000e+06
6.189992000000000000e+06
6.229940000000000000e+06
6.270068000000000000e+06
6.270654000000000000e+06
6.288869000000000000e+06
6.294903000000000000e+06
6.312546000000000000e+06
6.313711000000000000e+06
6.317143000000000000e+06
6.339057000000000000e+06
6.350031000000000000e+06
6.352398000000000000e+06
6.352616000000000000e+06
6.358700000000000000e+06
6.373585000000000000e+06
6.408538000000000000e+06
6.464976000000000000e+06
6.511018000000000000e+06
6.512329000000000000e+06
6.512583000000000000e+06
6.512749000000000000e+06
6.562901000000000000e+06
6.563686000000000000e+06
6.576237000000000000e+06
6.585135000000000000e+06
6.609154000000000000e+06
6.609459000000000000e+06
6.625199000000000000e+06
6.734880000000000000e+06
6.735092000000000000e+06
6.750729000000000000e+06
6.759070000000000000e+06
6.782716000000000000e+06
6.796203000000000000e+06
6.805605000000000000e+06
6.820028000000000000e+06
6.820209000000000000e+06
6.829893000000000000e+06
6.850196000000000000e+06
6.850827000000000000e+06
6.854645000000000000e+06
6.855449000000000000e+06
6.860970000000000000e+06
6.863761000000000000e+06
6.895440000000000000e+06
6.896888000000000000e+06
6.918506000000000000e+06
6.922257000000000000e+06
6.931611000000000000e+06
6.941038000000000000e+06
6.941422000000000000e+06
6.946548000000000000e+06
6.947077000000000000e+06
7.006010000000000000e+06
7.028546000000000000e+06
7.034431000000000000e+06
7.054650000000000000e+06
7.054829000000000000e+06
7.152991000000000000e+06
7.171623000000000000e+06
7.175541000000000000e+06
7.181543000000000000e+06
7.224142000000000000e+06
7.231264000000000000e+06
7.242089000000000000e+06
7.289296000000000000e+06
7.318795000000000000e+06
7.322830000000000000e+06
7.324029000000000000e+06
7.337314000000000000e+06
7.341947000000000000e+06
7.345362000000000000e+06
7.350206000000000000e+06
7.411127000000000000e+06
7.411738000000000000e+06
7.418960000000000000e+06
7.472220000000000000e+06
7.534124000000000000e+06
7.546219000000000000e+06
7.566669000000000000e+06
7.606159000000000000e+06
7.606285000000000000e+06
7.618590000000000000e+06
7.631132000000000000e+06
7.642407000000000000e+06
7.647700000000000000e+06
7.673985000000000000e+06
7.759034000000000000e+06
7.777129000000000000e+06
7.801710000000000000e+06
7.849978000000000000e+06
7.881077000000000000e+06
7.884812000000000000e+06
7.969824000000000000e+06
7.976570000000000000e+06
7.982429000000000000e+06
7.991494000000000000e+06
7.992594000000000000e+06
7.994857000000000000e+06
8.036234000000000000e+06
8.054889000000000000e+06
8.078182000000000000e+06
8.156106000000000000e+06
8.156960000000000000e+06
8.168215000000000000e+06
8.176443000000000000e+06
8.179514000000000000e+06
8.179676000000000000e+06
8.188514000000000000e+06
8.229347000000000000e+06
8.251783000000000000e+06
8.277880000000000000e+06
8.290889000000000000e+06
8.316063000000000000e+06
8.316560000000000000e+06
8.335621000000000000e+06
8.374725000000000000e+06
8.384545000000000000e+06
8.401728000000000000e+06
8.407375000000000000e+06
8.422317000000000000e+06
8.430535000000000000e+06
8.430993000000000000e+06
8.434692000000000000e+06
8.444723000000000000e+06
8.479749000000000000e+06
8.500570000000000000e+06
8.509337000000000000e+06
8.511742000000000000e+06
8.539095000000000000e+06
8.555018000000000000e+06
8.566748000000000000e+06
8.566886000000000000e+06
8.567201000000000000e+06
8.567332000000000000e+06
8.618146000000000000e+06
8.622504000000000000e+06
8.623004000000000000e+06
8.645839000000000000e+06
8.656247000000000000e+06
8.683326000000000000e+06
8.701647000000000000e+06
8.708263000000000000e+06
8.708434000000000000e+06
8.711376000000000000e+06
8.712709000000000000e+06
8.764027000000000000e+06
8.795645000000000000e+06
8.807641000000000000e+06
8.807979000000000000e+06
8.834525000000000000e+06
8.901228000000000000e+06
8.901414000000000000e+06
8.972045000000000000e+06
8.978427000000000000e+06
8.982547000000000000e+06
8.986413000000000000e+06
9.014773000000000000e+06
9.027384000000000000e+06
9.086034000000000000e+06
9.086172000000000000e+06
9.144587000000000000e+06
9.166135000000000000e+06
9.194544000000000000e+06
9.220068000000000000e+06
9.224942000000000000e+06
9.267921000000000000e+06
9.268564000000000000e+06
9.286346000000000000e+06
9.303481000000000000e+06
9.303665000000000000e+06
9.303829000000000000e+06
9.304446000000000000e+06
9.304732000000000000e+06
9.305219000000000000e+06
9.315802000000000000e+06
9.391348000000000000e+06
9.391518000000000000e+06
9.448918000000000000e+06
9.449618000000000000e+06
9.450211000000000000e+06
9.465366000000000000e+06
9.499523000000000000e+06
9.554356000000000000e+06
9.570439000000000000e+06
9.588197000000000000e+06
9.600647000000000000e+06
9.607378000000000000e+06
9.607649000000000000e+06
9.608681000000000000e+06
9.621566000000000000e+06
9.621780000000000000e+06
9.683452000000000000e+06
9.687015000000000000e+06
9.734226000000000000e+06
9.781565000000000000e+06
9.781671000000000000e+06
9.781782000000000000e+06
9.786234000000000000e+06
9.847342000000000000e+06
9.919689000000000000e+06
9.975620000000000000e+06
1.002682400000000000e+07
1.002698600000000000e+07
1.004984200000000000e+07
1.006100600000000000e+07
1.011157400000000000e+07
1.012729200000000000e+07
1.014276400000000000e+07
1.014294600000000000e+07
1.016241300000000000e+07
1.020959900000000000e+07
1.022154600000000000e+07
1.022218900000000000e+07
1.023641600000000000e+07
1.027573400000000000e+07
1.032260000000000000e+07
1.032568000000000000e+07
1.035242900000000000e+07
1.037662900000000000e+07
1.038024400000000000e+07
1.038306900000000000e+07
1.039417700000000000e+07
1.039927100000000000e+07
1.044797400000000000e+07
1.048718400000000000e+07
1.049756000000000000e+07
1.049766000000000000e+07
1.050239500000000000e+07
1.052336500000000000e+07
1.052354400000000000e+07
1.052721100000000000e+07
1.053167000000000000e+07
1.057417900000000000e+07
1.058483800000000000e+07
1.060931500000000000e+07
1.067405700000000000e+07
1.067448800000000000e+07
1.069230900000000000e+07
1.070515800000000000e+07
1.073223700000000000e+07
1.074019500000000000e+07
1.074144200000000000e+07
1.076378400000000000e+07
1.076903000000000000e+07
1.077363200000000000e+07
1.081054300000000000e+07
1.081225400000000000e+07
1.082312100000000000e+07
1.082441900000000000e+07
1.082527800000000000e+07
1.083298900000000000e+07
1.088810600000000000e+07
1.088828700000000000e+07
1.094185300000000000e+07
1.094294700000000000e+07
1.094595000000000000e+07
1.100068400000000000e+07
1.100301000000000000e+07
1.100570400000000000e+07
1.101620600000000000e+07
1.103815300000000000e+07
1.103841600000000000e+07
1.104051200000000000e+07
1.105871100000000000e+07
1.107482300000000000e+07
1.108384900000000000e+07
1.112908100000000000e+07
1.114882700000000000e+07
1.114949800000000000e+07
1.123381000000000000e+07
1.123476200000000000e+07
1.124089100000000000e+07
1.129788900000000000e+07
1.131044000000000000e+07
1.131226100000000000e+07
1.132448100000000000e+07
1.132463300000000000e+07
1.133014300000000000e+07
1.133889800000000000e+07
1.136468500000000000e+07
1.137248500000000000e+07
1.137535600000000000e+07
1.137556100000000000e+07
1.139021400000000000e+07
1.141005300000000000e+07
1.142361000000000000e+07
1.143078100000000000e+07
1.143130500000000000e+07
1.144825100000000000e+07
1.146904000000000000e+07
1.147885700000000000e+07
1.150368700000000000e+07
1.150787600000000000e+07
1.150820300000000000e+07
1.152934700000000000e+07
1.154210400000000000e+07
1.154239900000000000e+07
1.155568400000000000e+07
1.156897200000000000e+07
1.157006700000000000e+07
1.159443700000000000e+07
1.159764800000000000e+07
1.163497800000000000e+07
1.163520800000000000e+07
1.164381700000000000e+07
1.168519900000000000e+07
1.169090500000000000e+07
1.170564700000000000e+07
1.170973400000000000e+07
1.173174600000000000e+07
1.175276500000000000e+07
1.175826000000000000e+07
1.176751200000000000e+07
1.177542300000000000e+07
1.178388600000000000e+07
1.179821500000000000e+07
1.180357800000000000e+07
1.182470100000000000e+07
1.183607600000000000e+07
1.183695900000000000e+07
1.183829700000000000e+07
1.184940600000000000e+07
1.185253000000000000e+07
1.185428700000000000e+07
1.188142500000000000e+07
1.205538400000000000e+07
1.208715300000000000e+07
1.209154200000000000e+07
1.211573600000000000e+07
1.212817500000000000e+07
1.214435300000000000e+07
1.214496400000000000e+07
1.216875300000000000e+07
1.216887600000000000e+07
1.216915300000000000e+07
1.219128100000000000e+07
1.221403800000000000e+07
1.223179500000000000e+07
1.233472700000000000e+07
1.234721700000000000e+07
1.237099800000000000e+07
1.237111100000000000e+07
1.237124400000000000e+07
1.238403600000000000e+07
1.238929900000000000e+07
1.238948600000000000e+07
1.242117700000000000e+07
1.243320900000000000e+07
1.245721900000000000e+07
1.246129000000000000e+07
1.249762700000000000e+07
1.251037800000000000e+07
1.251950700000000000e+07
1.252362500000000000e+07
1.254532000000000000e+07
1.256163500000000000e+07
1.256947900000000000e+07
1.257078200000000000e+07
1.258023300000000000e+07
1.263569900000000000e+07
1.267064200000000000e+07
1.268569700000000000e+07
1.269035000000000000e+07
1.269303500000000000e+07
1.270416900000000000e+07
1.271469200000000000e+07
1.274145300000000000e+07
1.276238800000000000e+07
1.280239600000000000e+07
1.280261900000000000e+07
1.284734400000000000e+07
1.285902100000000000e+07
1.286223200000000000e+07
1.287300600000000000e+07
1.287968600000000000e+07
1.289222500000000000e+07
1.293353100000000000e+07
1.294514400000000000e+07
1.294963300000000000e+07
1.294992800000000000e+07
1.295058500000000000e+07
1.297437800000000000e+07
1.297869100000000000e+07
1.298110200000000000e+07
1.299281600000000000e+07
1.306174100000000000e+07
1.306540600000000000e+07
1.306593700000000000e+07
1.308811400000000000e+07
1.308825400000000000e+07
1.308842100000000000e+07
1.308854500000000000e+07
1.314243000000000000e+07
1.314887600000000000e+07
1.315484200000000000e+07
1.317454000000000000e+07
1.322287200000000000e+07
1.322342400000000000e+07
1.323210900000000000e+07
1.330835000000000000e+07
1.332977300000000000e+07
1.334388200000000000e+07
1.338078800000000000e+07
1.339433000000000000e+07
1.339449400000000000e+07
1.339463300000000000e+07
1.344218800000000000e+07
1.346596200000000000e+07
1.349399700000000000e+07
1.349881300000000000e+07
1.353895200000000000e+07
1.356304000000000000e+07
1.357422800000000000e+07
1.357737500000000000e+07
1.359812300000000000e+07
1.360543300000000000e+07
1.361108600000000000e+07
1.363903800000000000e+07
1.365817600000000000e+07
1.365870200000000000e+07
1.367280000000000000e+07
1.373130200000000000e+07
1.373973200000000000e+07
1.376313200000000000e+07
1.377038200000000000e+07
1.377139800000000000e+07
1.379317600000000000e+07
1.381330300000000000e+07
1.381825700000000000e+07
1.384037900000000000e+07
1.384899700000000000e+07
1.387838500000000000e+07
1.388682700000000000e+07
1.390128600000000000e+07
1.393419000000000000e+07
1.394989300000000000e+07
1.395403900000000000e+07
1.396447300000000000e+07
1.398262100000000000e+07
1.398983800000000000e+07
1.400455700000000000e+07
1.400996100000000000e+07
1.403655100000000000e+07
1.404751200000000000e+07
1.407278100000000000e+07
1.407699200000000000e+07
1.409469300000000000e+07
1.410285900000000000e+07
1.410467800000000000e+07
1.413345600000000000e+07
1.417281600000000000e+07
1.418462500000000000e+07
1.418477700000000000e+07
1.419337700000000000e+07
1.422008700000000000e+07
1.422520900000000000e+07
1.430837100000000000e+07
1.438592900000000000e+07
1.438765200000000000e+07
1.442622400000000000e+07
1.452205400000000000e+07
1.452369200000000000e+07
1.453799400000000000e+07
1.457191100000000000e+07
1.457207700000000000e+07
1.457242700000000000e+07
1.457548400000000000e+07
1.457568200000000000e+07
1.457601000000000000e+07
1.458324600000000000e+07
1.458622600000000000e+07
1.458744000000000000e+07
1.458812200000000000e+07
1.461897400000000000e+07
1.462314000000000000e+07
1.467317100000000000e+07
1.467526500000000000e+07
1.468594600000000000e+07
1.470133400000000000e+07
1.470563500000000000e+07
1.475113100000000000e+07
1.475128000000000000e+07
1.475139900000000000e+07
1.475155600000000000e+07
1.475167100000000000e+07
1.475518800000000000e+07
1.477745500000000000e+07
1.477759000000000000e+07
1.481160300000000000e+07
1.481496900000000000e+07
1.481510700000000000e+07
1.485788100000000000e+07
1.485818200000000000e+07
1.494030400000000000e+07
1.494046700000000000e+07
1.495019900000000000e+07
1.500324600000000000e+07
1.500669400000000000e+07
1.500937700000000000e+07
1.501581700000000000e+07
1.504021100000000000e+07
1.509099500000000000e+07
1.509912600000000000e+07
1.510984600000000000e+07
1.511689000000000000e+07
1.512159100000000000e+07
1.513834900000000000e+07
1.515256700000000000e+07
1.515272400000000000e+07
1.515561300000000000e+07
1.515733800000000000e+07
1.515751100000000000e+07
1.515973400000000000e+07
1.520370300000000000e+07
1.520387600000000000e+07
1.521235400000000000e+07
1.522769300000000000e+07
1.529129100000000000e+07
1.530103100000000000e+07
1.530908200000000000e+07
1.532198300000000000e+07
1.532510100000000000e+07
1.536256200000000000e+07
1.539513400000000000e+07
1.540351300000000000e+07
1.543938300000000000e+07
1.544296100000000000e+07
1.544685200000000000e+07
1.545516300000000000e+07
1.545682600000000000e+07
1.546042000000000000e+07
1.546566000000000000e+07
1.552838400000000000e+07
1.553578000000000000e+07
1.555549600000000000e+07
1.558653600000000000e+07
1.558667400000000000e+07
1.558682500000000000e+07
1.561053200000000000e+07
1.561507100000000000e+07
1.561526400000000000e+07
1.561549700000000000e+07
1.562732100000000000e+07
1.562758400000000000e+07
1.565364700000000000e+07
1.566265800000000000e+07
1.566964300000000000e+07
1.566989300000000000e+07
1.571304700000000000e+07
1.578229200000000000e+07
1.583482200000000000e+07
1.590606000000000000e+07
1.591445400000000000e+07
1.592526600000000000e+07
1.592593200000000000e+07
1.594695200000000000e+07
1.600271900000000000e+07
1.602464500000000000e+07
1.602543300000000000e+07
1.602958300000000000e+07
1.604746900000000000e+07
1.605770600000000000e+07
1.606157100000000000e+07
1.606168700000000000e+07
1.606201600000000000e+07
1.609588900000000000e+07
1.610021200000000000e+07
1.624481000000000000e+07
1.627165900000000000e+07
1.628939900000000000e+07
1.631712600000000000e+07
1.631731200000000000e+07
1.631951600000000000e+07
1.631964900000000000e+07
1.632356600000000000e+07
1.636469500000000000e+07
1.636769500000000000e+07
1.636886100000000000e+07
1.642646400000000000e+07
1.643086800000000000e+07
1.643849200000000000e+07
1.646347400000000000e+07
1.646680700000000000e+07
1.646750400000000000e+07
1.648542100000000000e+07
1.649387500000000000e+07
1.651424800000000000e+07
1.654368700000000000e+07
1.655174900000000000e+07
1.655326200000000000e+07
1.656138300000000000e+07
1.660593500000000000e+07
1.660616200000000000e+07
1.661040600000000000e+07
1.663728600000000000e+07
1.666936700000000000e+07
1.667029100000000000e+07
1.667282000000000000e+07
1.669851500000000000e+07
1.675797900000000000e+07
1.675889300000000000e+07
1.677369900000000000e+07
1.679918800000000000e+07
1.682719400000000000e+07
1.685235300000000000e+07
1.685250200000000000e+07
1.685629300000000000e+07
1.689035800000000000e+07
1.689123100000000000e+07
1.689507400000000000e+07
1.689959500000000000e+07
1.690358300000000000e+07
1.691159400000000000e+07
1.695956000000000000e+07
1.695980900000000000e+07
1.696629700000000000e+07
1.704750700000000000e+07
1.704794300000000000e+07
1.705675600000000000e+07
1.705687600000000000e+07
1.705702800000000000e+07
1.705719000000000000e+07
1.705734600000000000e+07
1.706929500000000000e+07
1.707324700000000000e+07
1.707693300000000000e+07
1.710799900000000000e+07
1.711081300000000000e+07
1.711145200000000000e+07
1.711487700000000000e+07
1.711855300000000000e+07
1.713539000000000000e+07
1.716831900000000000e+07
1.719492900000000000e+07
1.727255900000000000e+07
1.736102100000000000e+07
1.736896100000000000e+07
1.737274400000000000e+07
1.737732600000000000e+07
1.738544400000000000e+07
1.740698100000000000e+07
1.741109500000000000e+07
1.741638500000000000e+07
1.745804000000000000e+07
1.748342200000000000e+07
1.751043000000000000e+07
1.751057800000000000e+07
1.751075900000000000e+07
1.751395500000000000e+07
1.751413400000000000e+07
1.751846200000000000e+07
1.751866700000000000e+07
1.751890300000000000e+07
1.752295000000000000e+07
1.752327800000000000e+07
1.752976500000000000e+07
1.752997400000000000e+07
1.756953100000000000e+07
1.756971500000000000e+07
1.760650100000000000e+07
1.765997600000000000e+07
1.768868300000000000e+07
1.769814500000000000e+07
1.772307000000000000e+07
1.778173800000000000e+07
1.779503900000000000e+07
1.781712700000000000e+07
1.792934300000000000e+07
1.794031800000000000e+07
1.794054600000000000e+07
1.799344300000000000e+07
1.800065400000000000e+07
1.800087400000000000e+07
1.800952300000000000e+07
1.803113100000000000e+07
1.813509400000000000e+07
1.813524600000000000e+07
1.815478100000000000e+07
1.815535900000000000e+07
1.817103100000000000e+07
1.817597300000000000e+07
1.817636400000000000e+07
1.817749500000000000e+07
1.818011800000000000e+07
1.818535700000000000e+07
1.819793900000000000e+07
1.823568400000000000e+07
1.823595100000000000e+07
1.823954300000000000e+07
1.824958500000000000e+07
1.827182300000000000e+07
1.827278000000000000e+07
1.827608300000000000e+07
1.828824200000000000e+07
1.829177000000000000e+07
1.830687100000000000e+07
1.834181000000000000e+07
1.836292200000000000e+07
1.836357700000000000e+07
1.837138600000000000e+07
1.837555300000000000e+07
1.838330800000000000e+07
1.847342200000000000e+07
1.847360400000000000e+07
1.849567300000000000e+07
1.849595100000000000e+07
1.849849100000000000e+07
1.850000400000000000e+07
1.851114100000000000e+07
1.855112500000000000e+07
1.855442700000000000e+07
1.855838900000000000e+07
1.858036100000000000e+07
1.860561000000000000e+07
1.861447700000000000e+07
1.861506500000000000e+07
1.863233400000000000e+07
1.863284600000000000e+07
1.863682200000000000e+07
1.868100500000000000e+07
1.869708300000000000e+07
1.879200200000000000e+07
1.880416800000000000e+07
1.882945800000000000e+07
1.886181000000000000e+07
1.891613900000000000e+07
1.891909100000000000e+07
1.895858600000000000e+07
1.896931900000000000e+07
1.897170400000000000e+07
1.897524900000000000e+07
1.897709700000000000e+07
1.898925300000000000e+07
1.902151900000000000e+07
1.903092900000000000e+07
1.903163800000000000e+07
1.903176700000000000e+07
1.903190500000000000e+07
1.903208500000000000e+07
1.903376000000000000e+07
1.904919000000000000e+07
1.905232200000000000e+07
1.905345600000000000e+07
1.908799600000000000e+07
1.914054500000000000e+07
1.915240100000000000e+07
1.915271200000000000e+07
1.915770000000000000e+07
1.915898100000000000e+07
1.929747000000000000e+07
1.930937900000000000e+07
1.933572300000000000e+07
1.933806200000000000e+07
1.936055400000000000e+07
1.943001200000000000e+07
1.945527500000000000e+07
1.947210500000000000e+07
1.947222300000000000e+07
1.947234500000000000e+07
1.947248400000000000e+07
1.947821200000000000e+07
1.948354100000000000e+07
1.948858100000000000e+07
1.948871800000000000e+07
1.948913400000000000e+07
1.948973600000000000e+07
1.949252800000000000e+07
1.949271700000000000e+07
1.949697900000000000e+07
1.950149800000000000e+07
1.951079800000000000e+07
1.951327600000000000e+07
1.951412800000000000e+07
1.953024200000000000e+07
1.953041300000000000e+07
1.955732200000000000e+07
1.956980000000000000e+07
1.956996100000000000e+07
1.957299900000000000e+07
1.960848600000000000e+07
1.966699000000000000e+07
1.968455900000000000e+07
1.970495300000000000e+07
1.972760300000000000e+07
1.974729300000000000e+07
1.976379800000000000e+07
1.979144600000000000e+07
1.980623900000000000e+07
1.982352700000000000e+07
1.987245500000000000e+07
1.995048900000000000e+07
1.995060100000000000e+07
1.995087900000000000e+07
1.996861100000000000e+07
1.996902400000000000e+07
1.997227300000000000e+07
2.001991300000000000e+07
2.006626800000000000e+07
2.010366200000000000e+07
2.016290100000000000e+07
2.017322000000000000e+07
2.025717600000000000e+07
2.026222700000000000e+07
2.027479900000000000e+07
2.033002300000000000e+07
2.033797800000000000e+07
2.037584500000000000e+07
2.039195800000000000e+07
2.040919200000000000e+07
2.044391900000000000e+07
2.045724500000000000e+07
2.047659400000000000e+07
2.050664800000000000e+07
2.050748100000000000e+07
2.050881000000000000e+07
2.059967900000000000e+07
2.061899300000000000e+07
2.063490200000000000e+07
2.065353500000000000e+07
2.068575300000000000e+07
2.073626400000000000e+07
2.077983200000000000e+07
2.082265900000000000e+07
2.085765100000000000e+07
2.091075900000000000e+07
2.101752600000000000e+07
2.106844800000000000e+07
2.118582600000000000e+07
2.125452400000000000e+07
2.125933800000000000e+07
2.128816800000000000e+07
2.129018300000000000e+07
2.131316200000000000e+07
2.134545000000000000e+07
2.134562300000000000e+07
2.135094400000000000e+07
2.141014300000000000e+07
2.141103500000000000e+07
2.146656200000000000e+07
2.146949500000000000e+07
2.146972500000000000e+07
2.151414200000000000e+07
2.154953000000000000e+07
2.156373700000000000e+07
2.157005800000000000e+07
2.157127000000000000e+07
2.157257300000000000e+07
2.159630000000000000e+07
2.160028000000000000e+07
2.162203600000000000e+07
2.163877700000000000e+07
2.169129700000000000e+07
2.170192400000000000e+07
2.172994600000000000e+07
2.179194400000000000e+07
2.180766000000000000e+07
2.184514100000000000e+07
2.187579100000000000e+07
2.188544500000000000e+07
2.189737000000000000e+07
2.193950200000000000e+07
2.194916300000000000e+07
2.198431900000000000e+07
2.210496800000000000e+07
2.216264200000000000e+07
2.220872300000000000e+07
2.223364400000000000e+07
2.227807400000000000e+07
2.227997600000000000e+07
2.231436300000000000e+07
2.235985600000000000e+07
2.237834900000000000e+07
2.238585500000000000e+07
2.238594800000000000e+07
2.240278700000000000e+07
2.254880100000000000e+07
2.260927000000000000e+07
2.261175700000000000e+07
2.263516700000000000e+07
2.263942700000000000e+07
2.268831800000000000e+07
2.269086100000000000e+07
2.276684900000000000e+07
2.277210300000000000e+07
2.277262000000000000e+07
2.277286700000000000e+07
2.277695500000000000e+07
2.280647700000000000e+07
2.284596500000000000e+07
2.291134900000000000e+07
2.301035300000000000e+07
2.303074500000000000e+07
2.305039600000000000e+07
2.305221200000000000e+07
2.312916000000000000e+07
2.315099100000000000e+07
2.316991500000000000e+07
2.320203000000000000e+07
2.321780900000000000e+07
2.326604400000000000e+07
2.326743100000000000e+07
2.336716600000000000e+07
2.338622700000000000e+07
2.341064700000000000e+07
2.341348900000000000e+07
2.341362500000000000e+07
2.342087300000000000e+07
2.342104400000000000e+07
2.347572400000000000e+07
2.351656900000000000e+07
2.353169400000000000e+07
2.359153200000000000e+07
2.365598900000000000e+07
2.375478500000000000e+07
2.378122900000000000e+07
2.379179000000000000e+07
2.385187700000000000e+07
2.390748600000000000e+07
2.392139000000000000e+07
2.417857200000000000e+07
2.420456600000000000e+07
2.421450900000000000e+07
2.429461200000000000e+07
2.430082300000000000e+07
2.430616200000000000e+07
2.439921000000000000e+07
2.439939200000000000e+07
2.440436000000000000e+07
2.443135200000000000e+07
2.443745400000000000e+07
2.449577000000000000e+07
2.451955900000000000e+07
2.453561500000000000e+07
2.456007900000000000e+07
2.459323000000000000e+07
2.463054300000000000e+07
2.463068200000000000e+07
2.463081400000000000e+07
2.463112800000000000e+07
2.463646800000000000e+07
2.464066400000000000e+07
2.469818700000000000e+07
2.472841500000000000e+07
2.482911100000000000e+07
2.485072900000000000e+07
2.487017800000000000e+07
2.491091900000000000e+07
2.491807900000000000e+07
2.495714400000000000e+07
2.496777000000000000e+07
2.498253000000000000e+07
2.503418000000000000e+07
2.510690500000000000e+07
2.516305400000000000e+07
2.522544600000000000e+07
2.524318500000000000e+07
2.527635800000000000e+07
2.528034200000000000e+07
2.528618200000000000e+07
2.532560000000000000e+07
2.534000500000000000e+07
2.534421800000000000e+07
2.537336400000000000e+07
2.538316700000000000e+07
2.540312300000000000e+07
2.544299200000000000e+07
2.544331900000000000e+07
2.544348000000000000e+07
2.557519900000000000e+07
2.560946800000000000e+07
2.563329000000000000e+07
2.570450800000000000e+07
2.579544000000000000e+07
2.580532000000000000e+07
2.583312600000000000e+07
2.583684400000000000e+07
2.584865900000000000e+07
2.587497700000000000e+07
2.589910700000000000e+07
2.593854400000000000e+07
2.594391100000000000e+07
2.595474700000000000e+07
2.595488100000000000e+07
2.595502100000000000e+07
2.601047100000000000e+07
2.601993500000000000e+07
2.602891400000000000e+07
2.606269600000000000e+07
2.611070100000000000e+07
2.612573900000000000e+07
2.614848100000000000e+07
2.617359500000000000e+07
2.618123500000000000e+07
2.621629600000000000e+07
2.626584900000000000e+07
2.628173300000000000e+07
2.629448600000000000e+07
2.637394500000000000e+07
2.643811600000000000e+07
2.645144000000000000e+07
2.646599400000000000e+07
2.646929800000000000e+07
2.647359300000000000e+07
2.648074200000000000e+07
2.657045000000000000e+07
2.657365400000000000e+07
2.659180200000000000e+07
2.665542900000000000e+07
2.669975400000000000e+07
2.676421900000000000e+07
2.677325900000000000e+07
2.677440800000000000e+07
2.684834200000000000e+07
2.690595200000000000e+07
2.692411200000000000e+07
2.695172200000000000e+07
2.695240200000000000e+07
2.700442400000000000e+07
2.701358400000000000e+07
2.702557800000000000e+07
2.702571400000000000e+07
2.708925300000000000e+07
2.710680100000000000e+07
2.711918100000000000e+07
2.712352200000000000e+07
2.714105500000000000e+07
2.714932200000000000e+07
2.716111100000000000e+07
2.716138600000000000e+07
2.716159000000000000e+07
2.716245000000000000e+07
2.716254100000000000e+07
2.716304400000000000e+07
2.717612000000000000e+07
2.722343200000000000e+07
2.725320500000000000e+07
2.727582700000000000e+07
2.727936500000000000e+07
2.728253800000000000e+07
2.728267700000000000e+07
2.728327500000000000e+07
2.729692600000000000e+07
2.734105300000000000e+07
2.735202600000000000e+07
2.738838000000000000e+07
2.740517400000000000e+07
2.744239200000000000e+07
2.745878200000000000e+07
2.752572000000000000e+07
2.753275900000000000e+07
2.753417400000000000e+07
2.755492500000000000e+07
2.758489400000000000e+07
2.763375200000000000e+07
2.763389800000000000e+07
2.765072700000000000e+07
2.765086400000000000e+07
2.765101300000000000e+07
2.765112800000000000e+07
2.765427200000000000e+07
2.765439900000000000e+07
2.765455300000000000e+07
2.765859300000000000e+07
2.767162700000000000e+07
2.769989000000000000e+07
2.786060300000000000e+07
2.786622300000000000e+07
2.789497300000000000e+07
2.796854800000000000e+07
2.799169600000000000e+07
2.799244600000000000e+07
2.801399900000000000e+07
2.804111700000000000e+07
2.804989100000000000e+07
2.808568000000000000e+07
2.809013400000000000e+07
2.809598600000000000e+07
2.809613000000000000e+07
2.809627900000000000e+07
2.810035200000000000e+07
2.810050000000000000e+07
2.810087400000000000e+07
2.810373400000000000e+07
2.810446500000000000e+07
2.810792600000000000e+07
2.811160000000000000e+07
2.811483700000000000e+07
2.811870600000000000e+07
2.811901000000000000e+07
2.813717000000000000e+07
2.813802600000000000e+07
2.820002200000000000e+07
2.835628200000000000e+07
2.839896600000000000e+07
2.843836100000000000e+07
2.846256600000000000e+07
2.854560900000000000e+07
2.855793100000000000e+07
2.856861700000000000e+07
2.860118100000000000e+07
2.873068200000000000e+07
2.877231500000000000e+07
2.877337100000000000e+07
2.877712600000000000e+07
2.878337000000000000e+07
2.879680900000000000e+07
2.891890200000000000e+07
2.892817000000000000e+07
2.896682200000000000e+07
2.910830200000000000e+07
2.920143600000000000e+07
2.924034700000000000e+07
2.924329600000000000e+07
2.937936000000000000e+07
2.940054100000000000e+07
2.951382200000000000e+07
2.952217800000000000e+07
2.956067100000000000e+07
2.965591400000000000e+07
2.968939400000000000e+07
2.969890700000000000e+07
2.977756100000000000e+07
2.981789900000000000e+07
2.983697500000000000e+07
2.984341700000000000e+07
2.989087200000000000e+07
2.993610000000000000e+07
2.994688300000000000e+07
2.994702300000000000e+07
2.994736600000000000e+07
2.995393200000000000e+07
2.996449900000000000e+07
2.997862900000000000e+07
2.998091300000000000e+07
2.998111900000000000e+07
2.998802800000000000e+07
3.000383700000000000e+07
3.003186500000000000e+07
3.006983400000000000e+07
3.008505400000000000e+07
3.009195300000000000e+07
3.012110000000000000e+07
3.012228800000000000e+07
3.016970100000000000e+07
3.023190000000000000e+07
3.024787000000000000e+07
3.025395500000000000e+07
3.028853700000000000e+07
3.029699800000000000e+07
3.030196400000000000e+07
3.033086900000000000e+07
3.042925000000000000e+07
3.043362100000000000e+07
3.043781600000000000e+07
3.044274700000000000e+07
3.049260200000000000e+07
3.055263500000000000e+07
3.056507100000000000e+07
3.056793100000000000e+07
3.060628400000000000e+07
3.062898500000000000e+07
3.065753400000000000e+07
3.067209200000000000e+07
3.069938800000000000e+07
3.070152100000000000e+07
3.076315800000000000e+07
3.076952700000000000e+07
3.086414800000000000e+07
3.087683700000000000e+07
3.088858000000000000e+07
3.090682700000000000e+07
3.091082000000000000e+07
3.094933600000000000e+07
3.095349700000000000e+07
3.095351500000000000e+07
3.101007000000000000e+07
3.101022400000000000e+07
3.101035900000000000e+07
3.101051400000000000e+07
3.101374000000000000e+07
3.102080800000000000e+07
3.102688200000000000e+07
3.103050000000000000e+07
3.103065200000000000e+07
3.103455900000000000e+07
3.103499000000000000e+07
3.103538300000000000e+07
3.103938300000000000e+07
3.104101100000000000e+07
3.104165200000000000e+07
3.104212200000000000e+07
3.104245600000000000e+07
3.104802000000000000e+07
3.104970700000000000e+07
3.105388800000000000e+07
3.111916000000000000e+07
3.112287500000000000e+07
3.116033200000000000e+07
3.116250100000000000e+07
3.128446400000000000e+07
3.129075400000000000e+07
3.131958100000000000e+07
3.141593800000000000e+07
3.143263200000000000e+07
3.143275400000000000e+07
3.143288900000000000e+07
3.143304400000000000e+07
3.143652900000000000e+07
3.143669300000000000e+07
3.143696700000000000e+07
3.144510100000000000e+07
3.144515200000000000e+07
3.144957600000000000e+07
3.145927200000000000e+07
3.147777200000000000e+07
3.152511700000000000e+07
3.160610600000000000e+07
3.162969600000000000e+07
3.168110800000000000e+07
3.170896000000000000e+07
3.173014100000000000e+07
3.173375700000000000e+07
3.174346700000000000e+07
3.174769700000000000e+07
3.176736400000000000e+07
3.180763300000000000e+07
3.180858200000000000e+07
3.182815900000000000e+07
3.183228900000000000e+07
3.183244100000000000e+07
3.183279800000000000e+07
3.183478600000000000e+07
3.183563900000000000e+07
3.186459700000000000e+07
3.188318100000000000e+07
3.194035300000000000e+07
3.195181100000000000e+07
3.201213700000000000e+07
3.202940400000000000e+07
3.203811400000000000e+07
3.206462600000000000e+07
3.209469600000000000e+07
3.212655700000000000e+07
3.231406000000000000e+07
3.231419800000000000e+07
3.231439600000000000e+07
3.234106200000000000e+07
3.240236100000000000e+07
3.242728500000000000e+07
3.247327300000000000e+07
3.255764100000000000e+07
3.256136100000000000e+07
3.256150200000000000e+07
3.259828500000000000e+07
3.261061600000000000e+07
3.262696300000000000e+07
3.263191500000000000e+07
3.266930200000000000e+07
3.267026100000000000e+07
3.267832800000000000e+07
3.268752700000000000e+07
3.271616400000000000e+07
3.272999700000000000e+07
3.273686400000000000e+07
3.274439000000000000e+07
3.281770000000000000e+07
3.289882100000000000e+07
3.293052800000000000e+07
3.294935800000000000e+07
3.294950300000000000e+07
3.295021500000000000e+07
3.295427900000000000e+07
3.296176900000000000e+07
3.299491600000000000e+07
3.301928700000000000e+07
3.308086900000000000e+07
3.310167100000000000e+07
3.315264200000000000e+07
3.320503200000000000e+07
3.324779100000000000e+07
3.325603000000000000e+07
3.326008700000000000e+07
3.326830400000000000e+07
3.327185300000000000e+07
3.330963200000000000e+07
3.331329500000000000e+07
3.334789700000000000e+07
3.335544900000000000e+07
3.335762800000000000e+07
3.337409100000000000e+07
3.338742400000000000e+07
3.341839100000000000e+07
3.346336600000000000e+07
3.346870100000000000e+07
3.347390900000000000e+07
3.351662100000000000e+07
3.354491200000000000e+07
3.358665900000000000e+07
3.366260800000000000e+07
3.366471100000000000e+07
3.368004900000000000e+07
3.369624900000000000e+07
3.372044800000000000e+07
3.375251600000000000e+07
3.382660700000000000e+07
3.383607000000000000e+07
3.384402100000000000e+07
3.385463600000000000e+07
3.387558500000000000e+07
3.387608500000000000e+07
3.389800900000000000e+07
3.391056400000000000e+07
3.391620600000000000e+07
3.399400800000000000e+07
3.402655200000000000e+07
3.403898700000000000e+07
3.410492100000000000e+07
3.412286400000000000e+07
3.413929200000000000e+07
3.421963400000000000e+07
3.441336900000000000e+07
3.443523400000000000e+07
3.448458200000000000e+07
3.460954400000000000e+07
3.463588600000000000e+07
3.467522600000000000e+07
3.471849300000000000e+07
3.476895800000000000e+07
3.478710300000000000e+07
3.482214700000000000e+07
3.483633100000000000e+07
3.489308300000000000e+07
3.489826400000000000e+07
3.490765800000000000e+07
3.492127200000000000e+07
3.497441500000000000e+07
3.500865300000000000e+07
3.503820900000000000e+07
3.522602500000000000e+07
3.523150000000000000e+07
3.526022500000000000e+07
3.526041900000000000e+07
3.527014000000000000e+07
3.531919500000000000e+07
3.532562300000000000e+07
3.533473000000000000e+07
3.533488500000000000e+07
3.540652500000000000e+07
3.542043800000000000e+07
3.547527300000000000e+07
3.554800200000000000e+07
3.555120200000000000e+07
3.556186100000000000e+07
3.557817100000000000e+07
3.561080600000000000e+07
3.561578500000000000e+07
3.561593600000000000e+07
3.561617700000000000e+07
3.565640100000000000e+07
3.566574200000000000e+07
3.569180800000000000e+07
3.570736700000000000e+07
3.571648800000000000e+07
3.575408400000000000e+07
3.581951000000000000e+07
3.583793500000000000e+07
3.584541100000000000e+07
3.587255500000000000e+07
3.588775200000000000e+07
3.591403500000000000e+07
3.593439200000000000e+07
3.593452300000000000e+07
3.606389600000000000e+07
3.613229300000000000e+07
3.613864800000000000e+07
3.614579600000000000e+07
3.615610000000000000e+07
3.618132300000000000e+07
3.620648600000000000e+07
3.622229000000000000e+07
3.625438800000000000e+07
3.627854700000000000e+07
3.635901100000000000e+07
3.639084900000000000e+07
3.639527500000000000e+07
3.642613900000000000e+07
3.643138400000000000e+07
3.643897600000000000e+07
3.644318800000000000e+07
3.644493700000000000e+07
3.644909900000000000e+07
3.645763700000000000e+07
3.646637700000000000e+07
3.649395000000000000e+07
3.649801800000000000e+07
3.654320900000000000e+07
3.654326600000000000e+07
3.657581600000000000e+07
3.658481800000000000e+07
3.659429000000000000e+07
3.659997600000000000e+07
3.664545100000000000e+07
3.668639100000000000e+07
3.669110700000000000e+07
3.674142800000000000e+07
3.674602900000000000e+07
3.676385300000000000e+07
3.682864400000000000e+07
3.684994400000000000e+07
3.688290400000000000e+07
3.691772800000000000e+07
3.692192900000000000e+07
3.692669300000000000e+07
3.701439900000000000e+07
3.701487300000000000e+07
3.702211500000000000e+07
3.704673700000000000e+07
3.706413500000000000e+07
3.707437700000000000e+07
3.707792700000000000e+07
3.708061600000000000e+07
3.709297000000000000e+07
3.710286900000000000e+07
3.715122700000000000e+07
3.727710800000000000e+07
3.729409400000000000e+07
3.731945600000000000e+07
3.733306800000000000e+07
3.733862400000000000e+07
3.736334100000000000e+07
3.744215900000000000e+07
3.747658100000000000e+07
3.747676700000000000e+07
3.747982100000000000e+07
3.749232700000000000e+07
3.750206700000000000e+07
3.751686000000000000e+07
3.756272600000000000e+07
3.756858300000000000e+07
3.761771500000000000e+07
3.762731400000000000e+07
3.763766300000000000e+07
3.764349100000000000e+07
3.766904300000000000e+07
3.766988100000000000e+07
3.769277400000000000e+07
3.775356600000000000e+07
3.775513800000000000e+07
3.777291200000000000e+07
3.778140200000000000e+07
3.790601400000000000e+07
3.802561800000000000e+07
3.803823900000000000e+07
3.807178400000000000e+07
3.812537800000000000e+07
3.817524900000000000e+07
3.817883300000000000e+07
3.820538200000000000e+07
3.821451200000000000e+07
3.821467200000000000e+07
3.822770300000000000e+07
3.823428600000000000e+07
3.829981500000000000e+07
3.831192400000000000e+07
3.835224800000000000e+07
3.836161900000000000e+07
3.837860300000000000e+07
3.842096700000000000e+07
3.842838900000000000e+07
3.844059900000000000e+07
3.845171300000000000e+07
3.850620300000000000e+07
3.850625600000000000e+07
3.851422600000000000e+07
3.852193500000000000e+07
3.853338700000000000e+07
3.861559100000000000e+07
3.862735100000000000e+07
3.865521500000000000e+07
3.865536500000000000e+07
3.866842900000000000e+07
3.870268500000000000e+07
3.871561400000000000e+07
3.871926200000000000e+07
3.872173300000000000e+07
3.875440400000000000e+07
3.876502600000000000e+07
3.877011200000000000e+07
3.883724600000000000e+07
3.883732600000000000e+07
3.885425800000000000e+07
3.887107600000000000e+07
3.887109500000000000e+07
3.887119800000000000e+07
3.887121400000000000e+07
3.887133400000000000e+07
3.887134700000000000e+07
3.887149800000000000e+07
3.887171200000000000e+07
3.888625400000000000e+07
3.890168700000000000e+07
3.898222000000000000e+07
3.898501600000000000e+07
3.901972800000000000e+07
3.908063400000000000e+07
3.911115800000000000e+07
3.911136300000000000e+07
3.912260100000000000e+07
3.912772200000000000e+07
3.914231200000000000e+07
3.914245900000000000e+07
3.919642300000000000e+07
3.924791400000000000e+07
3.924829700000000000e+07
3.925398200000000000e+07
3.927994200000000000e+07
3.928169100000000000e+07
3.928281800000000000e+07
3.929070600000000000e+07
3.933272800000000000e+07
3.936891300000000000e+07
3.941988800000000000e+07
3.942529300000000000e+07
3.944772500000000000e+07
3.946016700000000000e+07
3.950632800000000000e+07
3.951078400000000000e+07
3.954989400000000000e+07
3.961252100000000000e+07
3.964432600000000000e+07
3.968850200000000000e+07
3.969755300000000000e+07
3.970264300000000000e+07
3.971076000000000000e+07
3.979701800000000000e+07
3.982080300000000000e+07
3.984375000000000000e+07
3.984754600000000000e+07
3.987967000000000000e+07
3.991469800000000000e+07
3.995457900000000000e+07
4.001002300000000000e+07
4.001333500000000000e+07
4.008892400000000000e+07
4.008989900000000000e+07
4.009095000000000000e+07
4.009158900000000000e+07
4.009204500000000000e+07
4.011091500000000000e+07
4.011261100000000000e+07
4.015194100000000000e+07
4.017130900000000000e+07
4.021329800000000000e+07
4.021358100000000000e+07
4.021380000000000000e+07
4.021394400000000000e+07
4.021418300000000000e+07
4.024525500000000000e+07
4.026917400000000000e+07
4.031233100000000000e+07
4.031604600000000000e+07
4.035631300000000000e+07
4.036042400000000000e+07
4.036299600000000000e+07
4.038781800000000000e+07
4.039218400000000000e+07
4.040081700000000000e+07
4.044710800000000000e+07
4.045758900000000000e+07
4.048082900000000000e+07
4.050939500000000000e+07
4.057324800000000000e+07
4.058314000000000000e+07
4.061689400000000000e+07
4.065817600000000000e+07
4.069916000000000000e+07
4.073346900000000000e+07
4.076746200000000000e+07
4.078074500000000000e+07
4.079072900000000000e+07
4.082181400000000000e+07
4.082236000000000000e+07
4.084209300000000000e+07
4.085593100000000000e+07
4.087706600000000000e+07
4.094119100000000000e+07
4.101629200000000000e+07
4.101643000000000000e+07
4.101659600000000000e+07
4.105002600000000000e+07
4.121449100000000000e+07
4.127971700000000000e+07
4.132036400000000000e+07
4.134065800000000000e+07
4.134825500000000000e+07
4.136194200000000000e+07
4.138596900000000000e+07
4.143403300000000000e+07
4.147440400000000000e+07
4.148590200000000000e+07
4.149590900000000000e+07
4.152329500000000000e+07
4.153989000000000000e+07
4.159948500000000000e+07
4.163202400000000000e+07
4.163726200000000000e+07
4.163739400000000000e+07
4.164502700000000000e+07
4.164715700000000000e+07
4.164746500000000000e+07
4.164762200000000000e+07
4.166755200000000000e+07
4.166812200000000000e+07
4.168249000000000000e+07
4.180228800000000000e+07
4.180913700000000000e+07
4.186291600000000000e+07
4.187794600000000000e+07
4.187808900000000000e+07
4.187825000000000000e+07
4.187853800000000000e+07
4.189776900000000000e+07
4.195158300000000000e+07
4.195243000000000000e+07
4.202320800000000000e+07
4.208807100000000000e+07
4.208867800000000000e+07
4.211777700000000000e+07
4.211806600000000000e+07
4.213106700000000000e+07
4.215595000000000000e+07
4.215610500000000000e+07
4.219250600000000000e+07
4.219929300000000000e+07
4.225117900000000000e+07
4.226721400000000000e+07
4.226777200000000000e+07
4.232193600000000000e+07
4.234327200000000000e+07
4.235905900000000000e+07
4.240084400000000000e+07
4.240413200000000000e+07
4.247460000000000000e+07
4.249804400000000000e+07
4.250410600000000000e+07
4.253786500000000000e+07
4.259288400000000000e+07
4.259301000000000000e+07
4.259321200000000000e+07
4.260131300000000000e+07
4.261043300000000000e+07
4.263468200000000000e+07
4.263482100000000000e+07
4.269876400000000000e+07
4.271060900000000000e+07
4.272910900000000000e+07
4.275860000000000000e+07
4.276759200000000000e+07
4.279800400000000000e+07
4.279816900000000000e+07
4.297176600000000000e+07
4.301518800000000000e+07
4.305643200000000000e+07
4.308544200000000000e+07
4.316858400000000000e+07
4.318788700000000000e+07
4.320245600000000000e+07
4.321864500000000000e+07
4.324715200000000000e+07
4.324726000000000000e+07
4.324739400000000000e+07
4.324757700000000000e+07
4.325244000000000000e+07
4.328389100000000000e+07
4.329777300000000000e+07
4.332431500000000000e+07
4.345651500000000000e+07
4.345855800000000000e+07
4.347207200000000000e+07
4.347228100000000000e+07
4.347485700000000000e+07
4.350089400000000000e+07
4.355646100000000000e+07
4.357298500000000000e+07
4.361388000000000000e+07
4.362172700000000000e+07
4.365150000000000000e+07
4.365693900000000000e+07
4.370800500000000000e+07
4.373443200000000000e+07
4.375449000000000000e+07
4.377223800000000000e+07
4.380286700000000000e+07
4.380843300000000000e+07
4.382445000000000000e+07
4.383678300000000000e+07
4.383690700000000000e+07
4.383701900000000000e+07
4.383716400000000000e+07
4.384022900000000000e+07
4.387322200000000000e+07
4.390058700000000000e+07
4.399681200000000000e+07
4.399739200000000000e+07
4.403128300000000000e+07
4.405844500000000000e+07
4.406219100000000000e+07
4.407570200000000000e+07
4.409537200000000000e+07
4.410757600000000000e+07
4.415579500000000000e+07
4.421307100000000000e+07
4.425940100000000000e+07
4.427852000000000000e+07
4.429598000000000000e+07
4.431637600000000000e+07
4.431651500000000000e+07
4.431678400000000000e+07
4.431976800000000000e+07
4.431993800000000000e+07
4.432043200000000000e+07
4.432111200000000000e+07
4.432420900000000000e+07
4.432821500000000000e+07
4.451314700000000000e+07
4.453963800000000000e+07
4.453976800000000000e+07
4.462228600000000000e+07
4.463209800000000000e+07
4.463910500000000000e+07
4.465620000000000000e+07
4.471116100000000000e+07
4.475412800000000000e+07
4.475432700000000000e+07
4.475463500000000000e+07
4.478025000000000000e+07
4.480965300000000000e+07
4.481330600000000000e+07
4.482216300000000000e+07
4.483006400000000000e+07
4.494310700000000000e+07
4.495088400000000000e+07
4.495104300000000000e+07
4.495160600000000000e+07
4.495967800000000000e+07
4.502271400000000000e+07
4.504462700000000000e+07
4.504476700000000000e+07
4.504494900000000000e+07
4.506786500000000000e+07
4.507377900000000000e+07
4.509166200000000000e+07
4.519519300000000000e+07
4.526420700000000000e+07
4.531758900000000000e+07
4.541090400000000000e+07
4.542833800000000000e+07
4.543241800000000000e+07
4.544950700000000000e+07
4.545438900000000000e+07
4.545811500000000000e+07
4.564977200000000000e+07
4.570630700000000000e+07
4.570887300000000000e+07
4.572498300000000000e+07
4.576656400000000000e+07
4.580920500000000000e+07
4.584107700000000000e+07
4.585071100000000000e+07
4.585875900000000000e+07
4.590677500000000000e+07
4.598761300000000000e+07
4.598774700000000000e+07
4.598794100000000000e+07
4.598814200000000000e+07
4.605076900000000000e+07
4.608611800000000000e+07
4.616732700000000000e+07
4.618406000000000000e+07
4.620516000000000000e+07
4.624873000000000000e+07
4.628138700000000000e+07
4.637157800000000000e+07
4.638645600000000000e+07
4.641296300000000000e+07
4.642244000000000000e+07
4.642257300000000000e+07
4.644465200000000000e+07
4.644821500000000000e+07
4.646008600000000000e+07
4.650648600000000000e+07
4.651080500000000000e+07
4.654083000000000000e+07
4.656725900000000000e+07
4.685918400000000000e+07
4.690570000000000000e+07
4.690621200000000000e+07
4.690787400000000000e+07
4.690792100000000000e+07
4.693873400000000000e+07
4.695190500000000000e+07
4.698390300000000000e+07
4.700672000000000000e+07
4.701715100000000000e+07
4.701732500000000000e+07
4.701760400000000000e+07
4.707178900000000000e+07
4.713342000000000000e+07
4.715129400000000000e+07
4.715697500000000000e+07
4.715726500000000000e+07
4.717305000000000000e+07
4.720402000000000000e+07
4.727347900000000000e+07
4.733136100000000000e+07
4.733220600000000000e+07
4.741792700000000000e+07
4.742236400000000000e+07
4.744755000000000000e+07
4.747344500000000000e+07
4.752975200000000000e+07
4.759481800000000000e+07
4.763480400000000000e+07
4.768917800000000000e+07
4.768939900000000000e+07
4.771689100000000000e+07
4.777099600000000000e+07
4.779029700000000000e+07
4.784110900000000000e+07
4.792881900000000000e+07
4.795382500000000000e+07
4.795414200000000000e+07
4.796555800000000000e+07
4.799100400000000000e+07
4.800049900000000000e+07
4.801892500000000000e+07
4.811196400000000000e+07
4.816933700000000000e+07
4.825582100000000000e+07
4.825612400000000000e+07
4.829102700000000000e+07
4.832789800000000000e+07
4.834252100000000000e+07
4.835182900000000000e+07
4.835349600000000000e+07
4.841060000000000000e+07
4.846494300000000000e+07
4.851098300000000000e+07
4.856354400000000000e+07
4.857205900000000000e+07
4.863738000000000000e+07
4.863754400000000000e+07
4.863807400000000000e+07
4.864426200000000000e+07
4.864445000000000000e+07
4.864844100000000000e+07
4.864859600000000000e+07
4.865760400000000000e+07
4.865781200000000000e+07
4.867846800000000000e+07
4.867864300000000000e+07
4.877235000000000000e+07
4.877317900000000000e+07
4.878035800000000000e+07
4.878051100000000000e+07
4.878069000000000000e+07
4.878096600000000000e+07
4.879987500000000000e+07
4.880137700000000000e+07
4.881491000000000000e+07
4.881506300000000000e+07
4.881946900000000000e+07
4.881965200000000000e+07
4.882033800000000000e+07
4.883013000000000000e+07
4.883294900000000000e+07
4.893049500000000000e+07
4.905978900000000000e+07
4.905991100000000000e+07
4.906013100000000000e+07
4.907141400000000000e+07
4.907154800000000000e+07
4.907397000000000000e+07
4.907429000000000000e+07
4.908271500000000000e+07
4.908469000000000000e+07
4.911024200000000000e+07
4.911042300000000000e+07
4.911090500000000000e+07
4.911917200000000000e+07
4.912232800000000000e+07
4.914934300000000000e+07
4.921416300000000000e+07
4.923493400000000000e+07
4.927019800000000000e+07
4.927460600000000000e+07
4.936384700000000000e+07
4.936436500000000000e+07
4.940083700000000000e+07
4.940431200000000000e+07
4.940446600000000000e+07
4.940558400000000000e+07
4.940928400000000000e+07
4.940944000000000000e+07
4.940957600000000000e+07
4.941370700000000000e+07
4.942197000000000000e+07
4.942693600000000000e+07
4.946548200000000000e+07
4.947227700000000000e+07
4.947664200000000000e+07
4.949867800000000000e+07
4.952892600000000000e+07
4.955003400000000000e+07
4.955877700000000000e+07
4.955939100000000000e+07
4.960232200000000000e+07
4.964712400000000000e+07
4.965717400000000000e+07
4.966317100000000000e+07
4.966561400000000000e+07
4.970603300000000000e+07
4.973708600000000000e+07
4.974646000000000000e+07
4.978746400000000000e+07
4.979759500000000000e+07
4.987156200000000000e+07
4.988543400000000000e+07
4.990363600000000000e+07
4.991258100000000000e+07
5.001864400000000000e+07
5.008878000000000000e+07
5.008891100000000000e+07
5.019173200000000000e+07
5.025171300000000000e+07
5.025184000000000000e+07
5.025199100000000000e+07
5.025241900000000000e+07
5.025274800000000000e+07
5.038232900000000000e+07
5.038992000000000000e+07
5.041173300000000000e+07
5.042665100000000000e+07
5.045183300000000000e+07
5.052699200000000000e+07
5.055642800000000000e+07
5.056921600000000000e+07
5.060594000000000000e+07
5.060695200000000000e+07
5.060708600000000000e+07
5.060722700000000000e+07
5.061147700000000000e+07
5.061161900000000000e+07
5.061178300000000000e+07
5.061518500000000000e+07
5.061531700000000000e+07
5.061591600000000000e+07
5.061978000000000000e+07
5.062285300000000000e+07
5.062328300000000000e+07
5.062353300000000000e+07
5.062594700000000000e+07
5.062615500000000000e+07
5.062674500000000000e+07
5.062705800000000000e+07
5.063110500000000000e+07
5.063147900000000000e+07
5.070515100000000000e+07
5.071995100000000000e+07
5.074586700000000000e+07
5.084828000000000000e+07
5.085548700000000000e+07
5.088379700000000000e+07
5.091852600000000000e+07
5.094965500000000000e+07
5.096180900000000000e+07
5.097434100000000000e+07
5.100601900000000000e+07
5.101037800000000000e+07
5.101291300000000000e+07
5.101455500000000000e+07
5.101650600000000000e+07
5.102034300000000000e+07
5.109340800000000000e+07
5.109354600000000000e+07
5.109370000000000000e+07
5.110088400000000000e+07
5.110195000000000000e+07
5.110209200000000000e+07
5.110670600000000000e+07
5.110965500000000000e+07
5.111405900000000000e+07
5.116600900000000000e+07
5.131047500000000000e+07
5.136351800000000000e+07
5.141836200000000000e+07
5.141880200000000000e+07
5.146979500000000000e+07
5.147538900000000000e+07
5.151137800000000000e+07
5.156546800000000000e+07
5.160484600000000000e+07
5.160658900000000000e+07
5.164642600000000000e+07
5.166077800000000000e+07
5.170997900000000000e+07
5.186615200000000000e+07
5.188254500000000000e+07
5.188663000000000000e+07
5.189048900000000000e+07
5.201806100000000000e+07
5.205644800000000000e+07
5.208118300000000000e+07
5.219836800000000000e+07
5.229473000000000000e+07
5.229760200000000000e+07
5.246970500000000000e+07
5.253659700000000000e+07
5.253673600000000000e+07
5.253690300000000000e+07
5.254804100000000000e+07
5.254820300000000000e+07
5.254835900000000000e+07
5.254854200000000000e+07
5.259580700000000000e+07
5.259943300000000000e+07
5.263423500000000000e+07
5.271538600000000000e+07
5.273539400000000000e+07
5.273554500000000000e+07
5.273581700000000000e+07
5.275314400000000000e+07
5.275382600000000000e+07
5.282253900000000000e+07
5.286696400000000000e+07
5.289615200000000000e+07
5.290321900000000000e+07
5.290338300000000000e+07
5.292174700000000000e+07
5.292392900000000000e+07
5.296197300000000000e+07
5.296212400000000000e+07
5.296230200000000000e+07
5.296250000000000000e+07
5.296716800000000000e+07
5.297208800000000000e+07
5.298013100000000000e+07
5.298388700000000000e+07
5.298422900000000000e+07
5.303772600000000000e+07
5.305423500000000000e+07
5.311900200000000000e+07
5.311935100000000000e+07
5.313137300000000000e+07
5.317252100000000000e+07
5.317342900000000000e+07
5.318898900000000000e+07
5.324954900000000000e+07
5.327422100000000000e+07
5.327441400000000000e+07
5.327457600000000000e+07
5.329422900000000000e+07
5.329435600000000000e+07
5.329451800000000000e+07
5.329473400000000000e+07
5.334580900000000000e+07
5.341936700000000000e+07
5.341952100000000000e+07
5.342346100000000000e+07
5.343901100000000000e+07
5.345362300000000000e+07
5.348983800000000000e+07
5.349524700000000000e+07
5.358841300000000000e+07
5.364452700000000000e+07
5.364467800000000000e+07
5.364507600000000000e+07
5.368093000000000000e+07
5.368246700000000000e+07
5.372229000000000000e+07
5.375135500000000000e+07
5.375798400000000000e+07
5.376341700000000000e+07
5.379570100000000000e+07
5.379614800000000000e+07
5.381784800000000000e+07
5.382025000000000000e+07
5.382452300000000000e+07
5.385525300000000000e+07
5.388692400000000000e+07
5.391692100000000000e+07
5.395267400000000000e+07
5.395268800000000000e+07
5.395295900000000000e+07
5.396373400000000000e+07
5.396388400000000000e+07
5.396406200000000000e+07
5.396431700000000000e+07
5.397559600000000000e+07
5.414027800000000000e+07
5.414185400000000000e+07
5.415019300000000000e+07
5.416293700000000000e+07
5.418057300000000000e+07
5.418074500000000000e+07
5.418095200000000000e+07
5.418107300000000000e+07
5.419567000000000000e+07
5.423756300000000000e+07
5.423769200000000000e+07
5.423784500000000000e+07
5.426192500000000000e+07
5.426206700000000000e+07
5.426255700000000000e+07
5.426649100000000000e+07
5.427596700000000000e+07
5.442127000000000000e+07
5.442153100000000000e+07
5.443045300000000000e+07
5.446420900000000000e+07
5.448624200000000000e+07
5.449788600000000000e+07
5.453053100000000000e+07
5.453059000000000000e+07
5.453067800000000000e+07
5.453088100000000000e+07
5.453105500000000000e+07
5.453386100000000000e+07
5.461825200000000000e+07
5.464403300000000000e+07
5.467690100000000000e+07
5.475821700000000000e+07
5.483840400000000000e+07
5.484052100000000000e+07
5.484087600000000000e+07
5.487244800000000000e+07
5.488607000000000000e+07
5.488620700000000000e+07
5.488640900000000000e+07
5.489382100000000000e+07
5.498773000000000000e+07
5.501481200000000000e+07
5.502149300000000000e+07
5.509328700000000000e+07
5.509343400000000000e+07
5.509370200000000000e+07
5.509403000000000000e+07
5.514858100000000000e+07
5.514869400000000000e+07
5.514881100000000000e+07
5.514911900000000000e+07
5.517505200000000000e+07
5.518135000000000000e+07
5.521915800000000000e+07
5.523897600000000000e+07
5.527621300000000000e+07
5.530891400000000000e+07
5.534550900000000000e+07
5.538944100000000000e+07
5.545195400000000000e+07
5.551464600000000000e+07
5.551494200000000000e+07
5.553491400000000000e+07
5.555135200000000000e+07
5.558033100000000000e+07
5.559324900000000000e+07
5.567062900000000000e+07
5.568976800000000000e+07
5.571240000000000000e+07
5.572974400000000000e+07
5.572987000000000000e+07
5.573004400000000000e+07
5.574976500000000000e+07
5.575940600000000000e+07
5.575963200000000000e+07
5.576021800000000000e+07
5.576026600000000000e+07
5.583286900000000000e+07
5.583306200000000000e+07
5.583320100000000000e+07
5.584109100000000000e+07
5.584579400000000000e+07
5.585649100000000000e+07
5.586121000000000000e+07
5.587610000000000000e+07
5.591547600000000000e+07
5.591975500000000000e+07
5.595886600000000000e+07
5.596510500000000000e+07
5.596709500000000000e+07
5.597119300000000000e+07
5.602072500000000000e+07
5.607954800000000000e+07
5.608425500000000000e+07
5.608846600000000000e+07
5.608859100000000000e+07
5.608874900000000000e+07
5.613672400000000000e+07
5.614366300000000000e+07
5.614379200000000000e+07
5.618558200000000000e+07
5.619490100000000000e+07
5.619523600000000000e+07
5.619635200000000000e+07
5.623180100000000000e+07
5.623197700000000000e+07
5.623217200000000000e+07
5.624634200000000000e+07
5.628249800000000000e+07
5.630018100000000000e+07
5.630834900000000000e+07
5.630943100000000000e+07
5.638992600000000000e+07
5.639872900000000000e+07
5.641569200000000000e+07
5.642035000000000000e+07
5.642327300000000000e+07
5.643213000000000000e+07
5.646726900000000000e+07
5.650599800000000000e+07
5.650616000000000000e+07
5.650639600000000000e+07
5.654547500000000000e+07
5.658282300000000000e+07
5.662145200000000000e+07
5.665533600000000000e+07
5.667148600000000000e+07
5.667169200000000000e+07
5.671981600000000000e+07
5.675890100000000000e+07
5.676246500000000000e+07
5.681043200000000000e+07
5.683646100000000000e+07
5.683946400000000000e+07
5.697678100000000000e+07
5.697690600000000000e+07
5.697707200000000000e+07
5.697754100000000000e+07
5.698128000000000000e+07
5.701531500000000000e+07
5.701538900000000000e+07
5.703185600000000000e+07
5.704385900000000000e+07
5.704392100000000000e+07
5.704405900000000000e+07
5.704703300000000000e+07
5.714970100000000000e+07
5.719838100000000000e+07
5.719852500000000000e+07
5.719871800000000000e+07
5.719885500000000000e+07
5.724675400000000000e+07
5.725620700000000000e+07
5.725639200000000000e+07
5.725673700000000000e+07
5.726212900000000000e+07
5.726225000000000000e+07
5.726240000000000000e+07
5.727610200000000000e+07
5.735331200000000000e+07
5.735340500000000000e+07
5.736250700000000000e+07
5.736266700000000000e+07
5.736285800000000000e+07
5.736305100000000000e+07
5.737044300000000000e+07
5.737055300000000000e+07
5.742946300000000000e+07
5.742963700000000000e+07
5.742984200000000000e+07
5.745003700000000000e+07
5.750775200000000000e+07
5.750790100000000000e+07
5.750805800000000000e+07
5.750831000000000000e+07
5.750869000000000000e+07
5.752428200000000000e+07
5.752830900000000000e+07
5.759605900000000000e+07
5.766671400000000000e+07
5.766822500000000000e+07
5.767699800000000000e+07
5.769207600000000000e+07
5.770217600000000000e+07
5.770252900000000000e+07
5.772697600000000000e+07
5.782634300000000000e+07
5.784850900000000000e+07
5.788561200000000000e+07
5.789515700000000000e+07
5.794842700000000000e+07
5.801287200000000000e+07
5.803069500000000000e+07
5.808483300000000000e+07
5.809415400000000000e+07
5.809433500000000000e+07
5.809469200000000000e+07
5.809750700000000000e+07
5.809767200000000000e+07
5.811825900000000000e+07
5.815340300000000000e+07
5.815704800000000000e+07
5.819139400000000000e+07
5.819668100000000000e+07
5.821509500000000000e+07
5.824504300000000000e+07
5.829444900000000000e+07
5.834804700000000000e+07
5.834824200000000000e+07
5.841301500000000000e+07
5.846297200000000000e+07
5.847421400000000000e+07
5.848161800000000000e+07
5.849526200000000000e+07
5.853528500000000000e+07
5.853547000000000000e+07
5.856569600000000000e+07
5.856583700000000000e+07
5.856601000000000000e+07
5.863523400000000000e+07
5.863538900000000000e+07
5.863565000000000000e+07
5.863650600000000000e+07
5.867339300000000000e+07
5.867348600000000000e+07
5.867366500000000000e+07
5.867880700000000000e+07
5.867920000000000000e+07
5.869849900000000000e+07
5.874636300000000000e+07
5.874681900000000000e+07
5.874713600000000000e+07
5.876790000000000000e+07
5.876803600000000000e+07
5.878977300000000000e+07
5.885840500000000000e+07
5.893562000000000000e+07
5.894379100000000000e+07
5.895883900000000000e+07
5.898664500000000000e+07
5.905336800000000000e+07
5.905382800000000000e+07
5.914885200000000000e+07
5.915006700000000000e+07
5.915179500000000000e+07
5.917583400000000000e+07
5.917928500000000000e+07
5.918382900000000000e+07
5.919771600000000000e+07
5.920820300000000000e+07
5.921104600000000000e+07
5.924517800000000000e+07
5.928780300000000000e+07
5.933401700000000000e+07
5.936162900000000000e+07
5.939085600000000000e+07
5.942383600000000000e+07
5.945586600000000000e+07
5.949047900000000000e+07
5.950085200000000000e+07
5.951978600000000000e+07
5.955191900000000000e+07
5.957614300000000000e+07
5.957784700000000000e+07
5.964780700000000000e+07
5.965737000000000000e+07
5.969276900000000000e+07
5.972202400000000000e+07
5.973627900000000000e+07
5.978205000000000000e+07
5.983624400000000000e+07
5.984157500000000000e+07
5.984159900000000000e+07
5.984189600000000000e+07
5.984219200000000000e+07
5.991783000000000000e+07
5.998024000000000000e+07
5.999263900000000000e+07
6.003471700000000000e+07
6.007058600000000000e+07
6.010475500000000000e+07
6.019050200000000000e+07
6.023249700000000000e+07
6.040128900000000000e+07
6.050039800000000000e+07
6.050045900000000000e+07
6.061259700000000000e+07
6.070791000000000000e+07
6.071316900000000000e+07
6.071350100000000000e+07
6.071472300000000000e+07
6.083700000000000000e+07
6.085004100000000000e+07
6.085516500000000000e+07
6.088128100000000000e+07
6.089795000000000000e+07
6.092748800000000000e+07
6.109311800000000000e+07
6.114124300000000000e+07
6.114137000000000000e+07
6.114149800000000000e+07
6.114179500000000000e+07
6.114341800000000000e+07
6.114400400000000000e+07
6.114586500000000000e+07
6.114613300000000000e+07
6.114653300000000000e+07
6.114958900000000000e+07
6.115017300000000000e+07
6.115159000000000000e+07
6.118768800000000000e+07
6.124789700000000000e+07
6.124805700000000000e+07
6.124976500000000000e+07
6.130863800000000000e+07
6.135062400000000000e+07
6.137143300000000000e+07
6.139169100000000000e+07
6.140413400000000000e+07
6.140807900000000000e+07
6.146311400000000000e+07
6.154881200000000000e+07
6.155346800000000000e+07
6.164357300000000000e+07
6.174219900000000000e+07
6.175328900000000000e+07
6.175344500000000000e+07
6.175387600000000000e+07
6.176689900000000000e+07
6.181844500000000000e+07
6.181900100000000000e+07
6.187638000000000000e+07
6.187745700000000000e+07
6.194724700000000000e+07
6.195733100000000000e+07
6.196717500000000000e+07
6.197869400000000000e+07
6.197892700000000000e+07
6.198906900000000000e+07
6.201145900000000000e+07
6.201158300000000000e+07
6.201699300000000000e+07
6.201742900000000000e+07
6.201773600000000000e+07
6.202022700000000000e+07
6.202734600000000000e+07
6.203527400000000000e+07
6.203548100000000000e+07
6.203573300000000000e+07
6.209198200000000000e+07
6.212502300000000000e+07
6.222120400000000000e+07
6.222187900000000000e+07
6.222251900000000000e+07
6.240965200000000000e+07
6.241484800000000000e+07
6.250117100000000000e+07
6.256797900000000000e+07
6.257323100000000000e+07
6.267147000000000000e+07
6.295471300000000000e+07
6.303316800000000000e+07
6.321609300000000000e+07
6.326713000000000000e+07
6.327946000000000000e+07
6.332533200000000000e+07
6.333372600000000000e+07
6.333766200000000000e+07
6.335388100000000000e+07
6.338986700000000000e+07
6.346468500000000000e+07
6.354457500000000000e+07
6.354826200000000000e+07
6.355081100000000000e+07
6.355107000000000000e+07
6.355138100000000000e+07
6.355190100000000000e+07
6.355666200000000000e+07
6.355822400000000000e+07
6.355839000000000000e+07
6.357751100000000000e+07
6.358078500000000000e+07
6.358211000000000000e+07
6.358478800000000000e+07
6.361113500000000000e+07
6.361133100000000000e+07
6.361435900000000000e+07
6.362627500000000000e+07
6.365603500000000000e+07
6.370705700000000000e+07
6.370870600000000000e+07
6.371241300000000000e+07
6.371701600000000000e+07
6.374228300000000000e+07
6.374445000000000000e+07
6.377862200000000000e+07
6.377880200000000000e+07
6.378174500000000000e+07
6.380753600000000000e+07
6.380941500000000000e+07
6.383666000000000000e+07
6.383700300000000000e+07
6.385894500000000000e+07
6.388017800000000000e+07
6.388666100000000000e+07
6.392866600000000000e+07
6.393744100000000000e+07
6.393908900000000000e+07
6.395288900000000000e+07
6.396362700000000000e+07
6.396859300000000000e+07
6.397055300000000000e+07
6.397374300000000000e+07
6.400648800000000000e+07
6.402760200000000000e+07
6.409524900000000000e+07
6.412257500000000000e+07
6.422808300000000000e+07
6.424993000000000000e+07
6.425010500000000000e+07
6.426808100000000000e+07
6.427417100000000000e+07
6.427485400000000000e+07
6.427500300000000000e+07
6.427521000000000000e+07
6.427551000000000000e+07
6.427675800000000000e+07
6.427988300000000000e+07
6.428184300000000000e+07
6.428200200000000000e+07
6.428241900000000000e+07
6.428279300000000000e+07
6.428750100000000000e+07
6.428765800000000000e+07
6.428791400000000000e+07
6.428825700000000000e+07
6.428866800000000000e+07
6.429542900000000000e+07
6.429618700000000000e+07
6.429761700000000000e+07
6.430092300000000000e+07
6.430464800000000000e+07
6.430776400000000000e+07
6.431857300000000000e+07
6.431858800000000000e+07
6.431903100000000000e+07
6.432032800000000000e+07
6.433224800000000000e+07
6.441841700000000000e+07
6.449172600000000000e+07
6.452511500000000000e+07
6.452563900000000000e+07
6.454099100000000000e+07
6.455255400000000000e+07
6.456032300000000000e+07
6.457877300000000000e+07
6.457892200000000000e+07
6.475472900000000000e+07
6.477411300000000000e+07
6.480433100000000000e+07
6.487250900000000000e+07
6.487293300000000000e+07
6.496187800000000000e+07
6.501207500000000000e+07
6.501773900000000000e+07
6.501787500000000000e+07
6.504814500000000000e+07
6.508241300000000000e+07
6.512363500000000000e+07
6.513664100000000000e+07
6.515149100000000000e+07
6.515183200000000000e+07
6.521531000000000000e+07
6.521820900000000000e+07
6.528154300000000000e+07
6.532145800000000000e+07
6.534045300000000000e+07
6.538784700000000000e+07
6.539643600000000000e+07
6.543126600000000000e+07
6.543419900000000000e+07
6.550646000000000000e+07
6.551637800000000000e+07
6.558247900000000000e+07
6.561328700000000000e+07
6.568608600000000000e+07
6.574779900000000000e+07
6.580706400000000000e+07
6.582581300000000000e+07
6.583888700000000000e+07
6.583897600000000000e+07
6.585472900000000000e+07
6.586014300000000000e+07
6.592872000000000000e+07
6.604432000000000000e+07
6.609926800000000000e+07
6.610152200000000000e+07
6.610179700000000000e+07
6.610414000000000000e+07
6.610606900000000000e+07
6.614165300000000000e+07
6.615222900000000000e+07
6.618534100000000000e+07
6.635247000000000000e+07
6.636022800000000000e+07
6.639351300000000000e+07
6.651470000000000000e+07
6.664338600000000000e+07
6.667634500000000000e+07
6.668092800000000000e+07
6.668106600000000000e+07
6.668196300000000000e+07
6.670000300000000000e+07
6.670620000000000000e+07
6.670764800000000000e+07
6.671913500000000000e+07
6.675780000000000000e+07
6.684665500000000000e+07
6.685640600000000000e+07
6.691571800000000000e+07
6.691581100000000000e+07
6.715044100000000000e+07
6.716051700000000000e+07
6.721615700000000000e+07
6.726971600000000000e+07
6.730768800000000000e+07
6.731936200000000000e+07
6.732619200000000000e+07
6.734861200000000000e+07
6.746212900000000000e+07
6.755569400000000000e+07
6.762270800000000000e+07
6.763704100000000000e+07
6.784088800000000000e+07
6.790817400000000000e+07
6.791801200000000000e+07
6.793154600000000000e+07
6.797712700000000000e+07
6.810635300000000000e+07
6.819313700000000000e+07
6.825802200000000000e+07
6.828729200000000000e+07
6.829911100000000000e+07
6.841479900000000000e+07
6.842881600000000000e+07
6.842900600000000000e+07
6.842965300000000000e+07
6.847831200000000000e+07
6.850015100000000000e+07
6.857848200000000000e+07
6.861169900000000000e+07
6.863190500000000000e+07
6.870111200000000000e+07
6.871338800000000000e+07
6.872034900000000000e+07
6.886518500000000000e+07
6.886947500000000000e+07
6.888043500000000000e+07
6.891696500000000000e+07
6.892450800000000000e+07
6.892534100000000000e+07
6.905973600000000000e+07
6.905991900000000000e+07
6.906002000000000000e+07
6.906007700000000000e+07
6.909022200000000000e+07
6.911619700000000000e+07
6.912057400000000000e+07
6.916879300000000000e+07
6.916929700000000000e+07
6.922210000000000000e+07
6.922225100000000000e+07
6.922848900000000000e+07
6.926490400000000000e+07
6.932369200000000000e+07
6.934632500000000000e+07
6.935893800000000000e+07
6.935897300000000000e+07
6.935912400000000000e+07
6.935922800000000000e+07
6.935935200000000000e+07
6.936605600000000000e+07
6.940809100000000000e+07
6.942751900000000000e+07
6.944547900000000000e+07
6.946167500000000000e+07
6.947613200000000000e+07
6.948771500000000000e+07
6.951548400000000000e+07
6.952942800000000000e+07
6.954975800000000000e+07
6.958854800000000000e+07
6.963538300000000000e+07
6.969691700000000000e+07
6.969704200000000000e+07
6.969717400000000000e+07
6.970596900000000000e+07
6.976712000000000000e+07
6.978036200000000000e+07
6.978059900000000000e+07
6.996410100000000000e+07
6.996427600000000000e+07
6.997638400000000000e+07
6.998766600000000000e+07
7.002701100000000000e+07
7.004754900000000000e+07
7.012871900000000000e+07
7.021129900000000000e+07
7.031557200000000000e+07
7.035008900000000000e+07
7.035025200000000000e+07
7.035097200000000000e+07
7.035114700000000000e+07
7.035554100000000000e+07
7.035567000000000000e+07
7.035584500000000000e+07
7.041951700000000000e+07
7.043945700000000000e+07
7.043990700000000000e+07
7.046083400000000000e+07
7.046095900000000000e+07
7.046196700000000000e+07
7.046708100000000000e+07
7.046771200000000000e+07
7.049228600000000000e+07
7.049279100000000000e+07
7.050815500000000000e+07
7.053912300000000000e+07
7.055001400000000000e+07
7.057090300000000000e+07
7.057108700000000000e+07
7.058861900000000000e+07
7.060200400000000000e+07
7.069468200000000000e+07
7.074178900000000000e+07
7.074193300000000000e+07
7.074566400000000000e+07
7.084245100000000000e+07
7.095159300000000000e+07
7.095913800000000000e+07
7.099430300000000000e+07
7.099788300000000000e+07
7.100836900000000000e+07
7.100857000000000000e+07
7.100874400000000000e+07
7.100907200000000000e+07
7.103097000000000000e+07
7.103137400000000000e+07
7.109725400000000000e+07
7.113974100000000000e+07
7.114630900000000000e+07
7.126457000000000000e+07
7.132457200000000000e+07
7.133648900000000000e+07
7.135135900000000000e+07
7.146276700000000000e+07
7.146299700000000000e+07
7.147190600000000000e+07
7.147205200000000000e+07
7.159145800000000000e+07
7.160119800000000000e+07
7.160136800000000000e+07
7.161437200000000000e+07
7.161450900000000000e+07
7.161469000000000000e+07
7.161491300000000000e+07
7.163164600000000000e+07
7.166303900000000000e+07
7.167156800000000000e+07
7.173292000000000000e+07
7.179751600000000000e+07
7.188355100000000000e+07
7.189645700000000000e+07
7.190265400000000000e+07
7.190279100000000000e+07
7.190296100000000000e+07
7.192470100000000000e+07
7.198064400000000000e+07
7.198895900000000000e+07
7.202952500000000000e+07
7.202969900000000000e+07
7.211595000000000000e+07
7.211631800000000000e+07
7.212365000000000000e+07
7.213155000000000000e+07
7.226469900000000000e+07
7.226486000000000000e+07
7.229515200000000000e+07
7.230761200000000000e+07
7.234328600000000000e+07
7.242119700000000000e+07
7.247798900000000000e+07
7.251965300000000000e+07
7.259810300000000000e+07
7.262403600000000000e+07
7.263003800000000000e+07
7.265406500000000000e+07
7.268955600000000000e+07
7.268971000000000000e+07
7.269117800000000000e+07
7.269882600000000000e+07
7.270690400000000000e+07
7.272588600000000000e+07
7.272709300000000000e+07
7.273749200000000000e+07
7.273763100000000000e+07
7.293018800000000000e+07
7.295711000000000000e+07
7.296050600000000000e+07
7.297030700000000000e+07
7.297045900000000000e+07
7.310183200000000000e+07
7.311853100000000000e+07
7.312252700000000000e+07
7.312282300000000000e+07
7.313845200000000000e+07
7.321524900000000000e+07
7.331858900000000000e+07
7.332454200000000000e+07
7.336828700000000000e+07
7.337268000000000000e+07
7.344796700000000000e+07
7.353615700000000000e+07
7.356831000000000000e+07
7.358322900000000000e+07
7.362372300000000000e+07
7.367256700000000000e+07
7.368897300000000000e+07
7.371885900000000000e+07
7.383979000000000000e+07
7.384142300000000000e+07
7.384161100000000000e+07
