1.079000000000000000e+03
7.245000000000000000e+03
8.010000000000000000e+03
8.850000000000000000e+03
8.985000000000000000e+03
9.345000000000000000e+03
9.984000000000000000e+03
1.403400000000000000e+04
1.586100000000000000e+04
2.116200000000000000e+04
2.366000000000000000e+04
2.378200000000000000e+04
1.193090000000000000e+05
4.001060000000000000e+05
4.294870000000000000e+05
4.502040000000000000e+05
5.677580000000000000e+05
5.915810000000000000e+05
6.335500000000000000e+05
6.948890000000000000e+05
7.214570000000000000e+05
7.921810000000000000e+05
8.277070000000000000e+05
8.278540000000000000e+05
8.564590000000000000e+05
8.589440000000000000e+05
8.811750000000000000e+05
9.498280000000000000e+05
9.587230000000000000e+05
9.716980000000000000e+05
9.802570000000000000e+05
9.971450000000000000e+05
1.001739000000000000e+06
1.060204000000000000e+06
1.079448000000000000e+06
1.132349000000000000e+06
1.132467000000000000e+06
1.132616000000000000e+06
1.132897000000000000e+06
1.133022000000000000e+06
1.149643000000000000e+06
1.202373000000000000e+06
1.233917000000000000e+06
1.237319000000000000e+06
1.285354000000000000e+06
1.313161000000000000e+06
1.321736000000000000e+06
1.351625000000000000e+06
1.384397000000000000e+06
1.417718000000000000e+06
1.479458000000000000e+06
1.482289000000000000e+06
1.482410000000000000e+06
1.486380000000000000e+06
1.491796000000000000e+06
1.495086000000000000e+06
1.507228000000000000e+06
1.536869000000000000e+06
1.550807000000000000e+06
1.556661000000000000e+06
1.558587000000000000e+06
1.628065000000000000e+06
1.628390000000000000e+06
1.663918000000000000e+06
1.673548000000000000e+06
1.723990000000000000e+06
1.731570000000000000e+06
1.735183000000000000e+06
1.788492000000000000e+06
1.809604000000000000e+06
1.831465000000000000e+06
1.934066000000000000e+06
1.958672000000000000e+06
1.970921000000000000e+06
1.992230000000000000e+06
2.012205000000000000e+06
2.064057000000000000e+06
2.070062000000000000e+06
2.151587000000000000e+06
2.175457000000000000e+06
2.198659000000000000e+06
2.202574000000000000e+06
2.241006000000000000e+06
2.280807000000000000e+06
2.312739000000000000e+06
2.329801000000000000e+06
2.357664000000000000e+06
2.410401000000000000e+06
2.410644000000000000e+06
2.410798000000000000e+06
2.410967000000000000e+06
2.432407000000000000e+06
2.489774000000000000e+06
2.505091000000000000e+06
2.512428000000000000e+06
2.512732000000000000e+06
2.515718000000000000e+06
2.615838000000000000e+06
2.714085000000000000e+06
2.714365000000000000e+06
2.717337000000000000e+06
2.782394000000000000e+06
2.799223000000000000e+06
2.826289000000000000e+06
2.906999000000000000e+06
2.969788000000000000e+06
3.082684000000000000e+06
3.089385000000000000e+06
3.100762000000000000e+06
3.146275000000000000e+06
3.179152000000000000e+06
3.182215000000000000e+06
3.241383000000000000e+06
3.297566000000000000e+06
3.353701000000000000e+06
3.381271000000000000e+06
3.389050000000000000e+06
3.422499000000000000e+06
3.443905000000000000e+06
3.533904000000000000e+06
3.623405000000000000e+06
3.643810000000000000e+06
3.666024000000000000e+06
3.686733000000000000e+06
3.873581000000000000e+06
3.902505000000000000e+06
3.915304000000000000e+06
3.922641000000000000e+06
3.934285000000000000e+06
3.934696000000000000e+06
3.944055000000000000e+06
3.944259000000000000e+06
3.972659000000000000e+06
3.976558000000000000e+06
3.977010000000000000e+06
4.021931000000000000e+06
4.135089000000000000e+06
4.165049000000000000e+06
4.269430000000000000e+06
4.269773000000000000e+06
4.279609000000000000e+06
4.291167000000000000e+06
4.303123000000000000e+06
4.328083000000000000e+06
4.379705000000000000e+06
4.389102000000000000e+06
4.405075000000000000e+06
4.511486000000000000e+06
4.604809000000000000e+06
4.621464000000000000e+06
4.634346000000000000e+06
4.672092000000000000e+06
4.689167000000000000e+06
4.695745000000000000e+06
4.695954000000000000e+06
4.721530000000000000e+06
4.725835000000000000e+06
4.737001000000000000e+06
4.751116000000000000e+06
4.848995000000000000e+06
4.918846000000000000e+06
4.969902000000000000e+06
4.974135000000000000e+06
5.025501000000000000e+06
5.041319000000000000e+06
5.054990000000000000e+06
5.069471000000000000e+06
5.080123000000000000e+06
5.163964000000000000e+06
5.228809000000000000e+06
5.253978000000000000e+06
5.307012000000000000e+06
5.344334000000000000e+06
5.472679000000000000e+06
5.479401000000000000e+06
5.562898000000000000e+06
5.616851000000000000e+06
5.629638000000000000e+06
5.647932000000000000e+06
5.678546000000000000e+06
5.836636000000000000e+06
5.878802000000000000e+06
5.925654000000000000e+06
5.936618000000000000e+06
6.027538000000000000e+06
6.028682000000000000e+06
6.044165000000000000e+06
6.049429000000000000e+06
6.133999000000000000e+06
6.181659000000000000e+06
6.311790000000000000e+06
6.327304000000000000e+06
6.381588000000000000e+06
6.395774000000000000e+06
6.496615000000000000e+06
6.501866000000000000e+06
6.511437000000000000e+06
6.515091000000000000e+06
6.527354000000000000e+06
6.681669000000000000e+06
6.683253000000000000e+06
6.710224000000000000e+06
6.777935000000000000e+06
6.799843000000000000e+06
6.807726000000000000e+06
6.812326000000000000e+06
6.825213000000000000e+06
6.905154000000000000e+06
6.921953000000000000e+06
6.985477000000000000e+06
7.002622000000000000e+06
7.088051000000000000e+06
7.108329000000000000e+06
7.109471000000000000e+06
7.232241000000000000e+06
7.366504000000000000e+06
7.450435000000000000e+06
7.554359000000000000e+06
7.617686000000000000e+06
7.635218000000000000e+06
7.635346000000000000e+06
7.635489000000000000e+06
7.696352000000000000e+06
7.782398000000000000e+06
7.829968000000000000e+06
7.840910000000000000e+06
7.883979000000000000e+06
7.898059000000000000e+06
7.920799000000000000e+06
7.923868000000000000e+06
7.931024000000000000e+06
7.956515000000000000e+06
7.956748000000000000e+06
7.956983000000000000e+06
8.077280000000000000e+06
8.133933000000000000e+06
8.150077000000000000e+06
8.252857000000000000e+06
8.308054000000000000e+06
8.449153000000000000e+06
8.489648000000000000e+06
8.508918000000000000e+06
8.699510000000000000e+06
8.770262000000000000e+06
8.778704000000000000e+06
8.778844000000000000e+06
8.801876000000000000e+06
8.838963000000000000e+06
8.994224000000000000e+06
9.044901000000000000e+06
9.100574000000000000e+06
9.141677000000000000e+06
9.170363000000000000e+06
9.274914000000000000e+06
9.320423000000000000e+06
9.448291000000000000e+06
9.621182000000000000e+06
9.625295000000000000e+06
9.665843000000000000e+06
9.678197000000000000e+06
9.697044000000000000e+06
9.705254000000000000e+06
9.726879000000000000e+06
9.837127000000000000e+06
9.878213000000000000e+06
9.904628000000000000e+06
1.010490000000000000e+07
1.017106800000000000e+07
1.027659200000000000e+07
1.041133800000000000e+07
1.053407900000000000e+07
1.069117000000000000e+07
1.071073500000000000e+07
1.071854000000000000e+07
1.076182100000000000e+07
1.078149500000000000e+07
1.079012000000000000e+07
1.079134900000000000e+07
1.080647700000000000e+07
1.090326500000000000e+07
1.093876200000000000e+07
1.097853500000000000e+07
1.100793600000000000e+07
1.101820400000000000e+07
1.105211500000000000e+07
1.108994000000000000e+07
1.114399000000000000e+07
1.114418300000000000e+07
1.116122500000000000e+07
1.119197200000000000e+07
1.123159800000000000e+07
1.123178000000000000e+07
1.124392400000000000e+07
1.125192900000000000e+07
1.126098700000000000e+07
1.129673500000000000e+07
1.131012000000000000e+07
1.135474800000000000e+07
1.140584600000000000e+07
1.145843300000000000e+07
1.159701800000000000e+07
1.161098800000000000e+07
1.161152700000000000e+07
1.161166200000000000e+07
1.161397800000000000e+07
1.161411400000000000e+07
1.161562200000000000e+07
1.161576300000000000e+07
1.161612700000000000e+07
1.162895400000000000e+07
1.177927300000000000e+07
1.178741600000000000e+07
1.180602600000000000e+07
1.186300300000000000e+07
1.189080100000000000e+07
1.190081900000000000e+07
1.194607800000000000e+07
1.199135400000000000e+07
1.200411900000000000e+07
1.203864700000000000e+07
1.212313200000000000e+07
1.218871200000000000e+07
1.230274500000000000e+07
1.241129500000000000e+07
1.247219400000000000e+07
1.247353400000000000e+07
1.251532100000000000e+07
1.252880200000000000e+07
1.254402100000000000e+07
1.254642600000000000e+07
1.256085300000000000e+07
1.278200300000000000e+07
1.285702300000000000e+07
1.298775500000000000e+07
1.316748700000000000e+07
1.317579600000000000e+07
1.336894800000000000e+07
1.344570300000000000e+07
1.345071300000000000e+07
1.345107500000000000e+07
1.346874000000000000e+07
1.360502200000000000e+07
1.360735000000000000e+07
1.360855000000000000e+07
1.371806200000000000e+07
1.371819700000000000e+07
1.372666700000000000e+07
1.374161000000000000e+07
1.377757800000000000e+07
1.381277300000000000e+07
1.381932700000000000e+07
1.384785900000000000e+07
1.391136700000000000e+07
1.402161300000000000e+07
1.414039700000000000e+07
1.414192500000000000e+07
1.420238300000000000e+07
1.420481200000000000e+07
1.424683200000000000e+07
1.426749300000000000e+07
1.433212100000000000e+07
1.441438100000000000e+07
1.444600900000000000e+07
1.453987500000000000e+07
1.456420100000000000e+07
1.462241900000000000e+07
1.476452700000000000e+07
1.478746100000000000e+07
1.482157500000000000e+07
1.497582500000000000e+07
1.499424800000000000e+07
1.506645600000000000e+07
1.507207000000000000e+07
1.514748900000000000e+07
1.526505000000000000e+07
1.528709200000000000e+07
1.530204900000000000e+07
1.530220000000000000e+07
1.530235000000000000e+07
1.530863800000000000e+07
1.530903100000000000e+07
1.530917600000000000e+07
1.533902000000000000e+07
1.538894900000000000e+07
1.541237000000000000e+07
1.541999400000000000e+07
1.558954900000000000e+07
1.561621200000000000e+07
1.576180400000000000e+07
1.585217200000000000e+07
1.586959100000000000e+07
1.587024900000000000e+07
1.595533400000000000e+07
1.596963200000000000e+07
1.600143100000000000e+07
1.602014300000000000e+07
1.613679500000000000e+07
1.614218100000000000e+07
1.616225500000000000e+07
1.618710000000000000e+07
1.621483000000000000e+07
1.627753300000000000e+07
1.634024500000000000e+07
1.634608900000000000e+07
1.638156000000000000e+07
1.640435200000000000e+07
1.651254100000000000e+07
1.659128500000000000e+07
1.674345700000000000e+07
1.684449200000000000e+07
1.687660300000000000e+07
1.690901300000000000e+07
1.709668200000000000e+07
1.744707300000000000e+07
1.757649600000000000e+07
1.761008500000000000e+07
1.765101100000000000e+07
1.767835700000000000e+07
1.774921000000000000e+07
1.782573600000000000e+07
1.784988300000000000e+07
1.785051900000000000e+07
1.789080000000000000e+07
1.794831800000000000e+07
1.798860700000000000e+07
1.801876300000000000e+07
1.809983300000000000e+07
1.819002800000000000e+07
1.828013400000000000e+07
1.834357600000000000e+07
1.842394900000000000e+07
1.846817300000000000e+07
1.853957500000000000e+07
1.860330400000000000e+07
1.873040600000000000e+07
1.884890200000000000e+07
1.892114500000000000e+07
1.895407400000000000e+07
1.897660100000000000e+07
1.897948900000000000e+07
1.898883200000000000e+07
1.902912000000000000e+07
1.903432300000000000e+07
1.905359700000000000e+07
1.905409900000000000e+07
1.907092100000000000e+07
1.908000700000000000e+07
1.908758800000000000e+07
1.909759700000000000e+07
1.911309100000000000e+07
1.916060000000000000e+07
1.928354900000000000e+07
1.932525600000000000e+07
1.941664700000000000e+07
1.943855000000000000e+07
1.944706400000000000e+07
1.946209800000000000e+07
1.946293100000000000e+07
1.948314300000000000e+07
1.949123200000000000e+07
1.949901100000000000e+07
1.953479400000000000e+07
1.960055100000000000e+07
1.970055100000000000e+07
1.977712400000000000e+07
1.989330200000000000e+07
1.995855600000000000e+07
2.006223800000000000e+07
2.008425000000000000e+07
2.015829800000000000e+07
2.016894800000000000e+07
2.016911900000000000e+07
2.016938100000000000e+07
2.018165900000000000e+07
2.023258700000000000e+07
2.025178700000000000e+07
2.026055100000000000e+07
2.044848800000000000e+07
2.047052500000000000e+07
2.049217000000000000e+07
2.051572300000000000e+07
2.059090600000000000e+07
2.059422700000000000e+07
2.060847300000000000e+07
2.061424200000000000e+07
2.066481900000000000e+07
2.072170800000000000e+07
2.090769300000000000e+07
2.094285800000000000e+07
2.101691600000000000e+07
2.115253100000000000e+07
2.146218300000000000e+07
2.146288200000000000e+07
2.147365900000000000e+07
2.150977100000000000e+07
2.152303200000000000e+07
2.156929800000000000e+07
2.160473700000000000e+07
2.166690900000000000e+07
2.172275900000000000e+07
2.179027600000000000e+07
2.180648100000000000e+07
2.184504400000000000e+07
2.191965900000000000e+07
2.196635400000000000e+07
2.202486900000000000e+07
2.204968600000000000e+07
2.205178600000000000e+07
2.210019200000000000e+07
2.214405900000000000e+07
2.217643900000000000e+07
2.221822200000000000e+07
2.241917500000000000e+07
2.247048700000000000e+07
2.255395500000000000e+07
2.255617400000000000e+07
2.257150600000000000e+07
2.266989700000000000e+07
2.268960800000000000e+07
2.273046200000000000e+07
2.273948700000000000e+07
2.299706100000000000e+07
2.305561100000000000e+07
2.307271200000000000e+07
2.310341600000000000e+07
2.314375200000000000e+07
2.316232900000000000e+07
2.319778600000000000e+07
2.333371600000000000e+07
2.338152300000000000e+07
2.348014800000000000e+07
2.348363300000000000e+07
2.348631600000000000e+07
2.355494700000000000e+07
2.363105000000000000e+07
2.365799500000000000e+07
2.365827500000000000e+07
2.365851300000000000e+07
2.365907200000000000e+07
2.365922700000000000e+07
2.366034300000000000e+07
2.366555800000000000e+07
2.368237100000000000e+07
2.369275500000000000e+07
2.369297500000000000e+07
2.370905100000000000e+07
2.372576300000000000e+07
2.377020400000000000e+07
2.381911500000000000e+07
2.390893200000000000e+07
2.391506900000000000e+07
2.394553900000000000e+07
2.394577100000000000e+07
2.399797600000000000e+07
2.402116200000000000e+07
2.405131300000000000e+07
2.405174900000000000e+07
2.409527000000000000e+07
2.411189600000000000e+07
2.412846800000000000e+07
2.416726700000000000e+07
2.421156900000000000e+07
2.422168800000000000e+07
2.426785300000000000e+07
2.430736300000000000e+07
2.435063900000000000e+07
2.441133600000000000e+07
2.441749100000000000e+07
2.442780300000000000e+07
2.443947000000000000e+07
2.453226300000000000e+07
2.461566900000000000e+07
2.464166300000000000e+07
2.467949200000000000e+07
2.468546500000000000e+07
2.473440600000000000e+07
2.473480600000000000e+07
2.482810500000000000e+07
2.482826300000000000e+07
2.482965200000000000e+07
2.483076600000000000e+07
2.483182200000000000e+07
2.483252300000000000e+07
2.483320700000000000e+07
2.487136900000000000e+07
2.495911600000000000e+07
2.503654300000000000e+07
2.504037000000000000e+07
2.508218100000000000e+07
2.518873600000000000e+07
2.519579300000000000e+07
2.529684900000000000e+07
2.542277200000000000e+07
2.545847100000000000e+07
2.548782100000000000e+07
2.548836800000000000e+07
2.548888700000000000e+07
2.550045800000000000e+07
2.551925900000000000e+07
2.552458200000000000e+07
2.559829700000000000e+07
2.562124200000000000e+07
2.562462900000000000e+07
2.580276000000000000e+07
2.586118000000000000e+07
2.589321200000000000e+07
2.590225800000000000e+07
2.602533300000000000e+07
2.602818700000000000e+07
2.608530200000000000e+07
2.610090100000000000e+07
2.610118500000000000e+07
2.611240000000000000e+07
2.615010200000000000e+07
2.616391000000000000e+07
2.623583000000000000e+07
2.630760700000000000e+07
2.635491400000000000e+07
2.641218500000000000e+07
2.642563000000000000e+07
2.642609800000000000e+07
2.645222700000000000e+07
2.645259100000000000e+07
2.656489600000000000e+07
2.657508200000000000e+07
2.661182100000000000e+07
2.664637400000000000e+07
2.669403600000000000e+07
2.669966600000000000e+07
2.672727200000000000e+07
2.675185500000000000e+07
2.678092700000000000e+07
2.680872700000000000e+07
2.681084600000000000e+07
2.681101200000000000e+07
2.681218900000000000e+07
2.685104900000000000e+07
2.686383900000000000e+07
2.686458200000000000e+07
2.689085500000000000e+07
2.689821800000000000e+07
2.690058700000000000e+07
2.691514800000000000e+07
2.704728000000000000e+07
2.721432000000000000e+07
2.721447700000000000e+07
2.727070200000000000e+07
2.727346300000000000e+07
2.734507300000000000e+07
2.740438800000000000e+07
2.746859700000000000e+07
2.747615000000000000e+07
2.748174500000000000e+07
2.748635100000000000e+07
2.754528600000000000e+07
2.761903100000000000e+07
2.763771700000000000e+07
2.766487900000000000e+07
2.769502900000000000e+07
2.769931800000000000e+07
2.782638000000000000e+07
2.786271300000000000e+07
2.791791900000000000e+07
2.799849700000000000e+07
2.807397300000000000e+07
2.812607000000000000e+07
2.812809400000000000e+07
2.813675600000000000e+07
2.818748300000000000e+07
2.819700800000000000e+07
2.823628100000000000e+07
2.823677500000000000e+07
2.826965600000000000e+07
2.834512200000000000e+07
2.848992100000000000e+07
2.849357400000000000e+07
2.854664100000000000e+07
2.868491200000000000e+07
2.869480800000000000e+07
2.870778100000000000e+07
2.877707800000000000e+07
2.878174600000000000e+07
2.878462500000000000e+07
2.879901100000000000e+07
2.885756800000000000e+07
2.889695700000000000e+07
2.889905800000000000e+07
2.889920500000000000e+07
2.890258800000000000e+07
2.892635300000000000e+07
2.905624300000000000e+07
2.906211400000000000e+07
2.911360200000000000e+07
2.915646800000000000e+07
2.915756800000000000e+07
2.916411900000000000e+07
2.917152800000000000e+07
2.917571100000000000e+07
2.918179000000000000e+07
2.918588400000000000e+07
2.937345100000000000e+07
2.937566600000000000e+07
2.937581000000000000e+07
2.937865800000000000e+07
2.937894200000000000e+07
2.940865200000000000e+07
2.944220900000000000e+07
2.947853300000000000e+07
2.959537000000000000e+07
2.965089500000000000e+07
2.966040000000000000e+07
2.968750300000000000e+07
2.977392600000000000e+07
2.982354700000000000e+07
2.983631300000000000e+07
2.987083900000000000e+07
2.987166100000000000e+07
2.988688100000000000e+07
3.007569500000000000e+07
3.008077900000000000e+07
3.014721300000000000e+07
3.015856500000000000e+07
3.018285900000000000e+07
3.027531900000000000e+07
3.030981300000000000e+07
3.031285400000000000e+07
3.031332700000000000e+07
3.036468500000000000e+07
3.036555000000000000e+07
3.036724000000000000e+07
3.036767000000000000e+07
3.038155000000000000e+07
3.041652000000000000e+07
3.047362800000000000e+07
3.052576100000000000e+07
3.056020600000000000e+07
3.057955900000000000e+07
3.063312600000000000e+07
3.063843300000000000e+07
3.064574900000000000e+07
3.064815600000000000e+07
3.064842400000000000e+07
3.065289100000000000e+07
3.065388500000000000e+07
3.065818600000000000e+07
3.066147000000000000e+07
3.066255800000000000e+07
3.066393100000000000e+07
3.067111000000000000e+07
3.072815400000000000e+07
3.090256700000000000e+07
3.092134100000000000e+07
3.098507300000000000e+07
3.109932800000000000e+07
3.111071500000000000e+07
3.111889500000000000e+07
3.120634100000000000e+07
3.121860400000000000e+07
3.126498700000000000e+07
3.127976900000000000e+07
3.129969300000000000e+07
3.131169100000000000e+07
3.136968300000000000e+07
3.142287500000000000e+07
3.142337600000000000e+07
3.142678300000000000e+07
3.148016600000000000e+07
3.148281600000000000e+07
3.149811700000000000e+07
3.150804000000000000e+07
3.158523200000000000e+07
3.160441400000000000e+07
3.169811200000000000e+07
3.177931100000000000e+07
3.196520100000000000e+07
3.202639700000000000e+07
3.202876600000000000e+07
3.206133400000000000e+07
3.215502900000000000e+07
3.220003200000000000e+07
3.231995700000000000e+07
3.237510100000000000e+07
3.238909100000000000e+07
3.238960000000000000e+07
3.241602600000000000e+07
3.241684200000000000e+07
3.242563900000000000e+07
3.242570900000000000e+07
3.243128800000000000e+07
3.243145800000000000e+07
3.243162500000000000e+07
3.244265900000000000e+07
3.245639100000000000e+07
3.247677000000000000e+07
3.247692000000000000e+07
3.249508400000000000e+07
3.249661500000000000e+07
3.251843600000000000e+07
3.253887100000000000e+07
3.257459500000000000e+07
3.257924100000000000e+07
3.261359000000000000e+07
3.262021300000000000e+07
3.262818200000000000e+07
3.268150900000000000e+07
3.273409700000000000e+07
3.274407700000000000e+07
3.275082400000000000e+07
3.277649200000000000e+07
3.301740800000000000e+07
3.307025500000000000e+07
3.307041900000000000e+07
3.313106800000000000e+07
3.313123500000000000e+07
3.313175500000000000e+07
3.318035100000000000e+07
3.327719200000000000e+07
3.345003900000000000e+07
3.345871600000000000e+07
3.345884800000000000e+07
3.348004300000000000e+07
3.348025100000000000e+07
3.363001900000000000e+07
3.364357700000000000e+07
3.364696400000000000e+07
3.365084700000000000e+07
3.367899100000000000e+07
3.378424000000000000e+07
3.383454600000000000e+07
3.387142300000000000e+07
3.388812000000000000e+07
3.396962800000000000e+07
3.397888100000000000e+07
3.398293700000000000e+07
3.400414100000000000e+07
3.401531800000000000e+07
3.403535900000000000e+07
3.403550300000000000e+07
3.403566500000000000e+07
3.403583200000000000e+07
3.403599100000000000e+07
3.403780600000000000e+07
3.405258300000000000e+07
3.405267700000000000e+07
3.405280200000000000e+07
3.405284600000000000e+07
3.405300300000000000e+07
3.409949500000000000e+07
3.414429600000000000e+07
3.415611400000000000e+07
3.417128900000000000e+07
3.421861200000000000e+07
3.424460900000000000e+07
3.427148200000000000e+07
3.444594700000000000e+07
3.450800700000000000e+07
3.454382500000000000e+07
3.478164300000000000e+07
3.483059800000000000e+07
3.487307400000000000e+07
3.489689100000000000e+07
3.497911200000000000e+07
3.500508700000000000e+07
3.503379600000000000e+07
3.505367000000000000e+07
3.505450000000000000e+07
3.507781300000000000e+07
3.510022500000000000e+07
3.518146300000000000e+07
3.522077600000000000e+07
3.523372000000000000e+07
3.525033800000000000e+07
3.532552900000000000e+07
3.536310500000000000e+07
3.539862300000000000e+07
3.540737100000000000e+07
3.547653700000000000e+07
3.550478700000000000e+07
3.553594300000000000e+07
3.559913100000000000e+07
3.580838300000000000e+07
3.586914200000000000e+07
3.588015300000000000e+07
3.588764200000000000e+07
3.591983600000000000e+07
3.596484700000000000e+07
3.599436800000000000e+07
3.617902100000000000e+07
3.618399300000000000e+07
3.618779100000000000e+07
3.619834400000000000e+07
3.620992100000000000e+07
3.632978700000000000e+07
3.633856600000000000e+07
3.634493300000000000e+07
3.634527300000000000e+07
3.636394000000000000e+07
3.643024700000000000e+07
3.643535300000000000e+07
3.654269500000000000e+07
3.654359400000000000e+07
3.658260700000000000e+07
3.659799300000000000e+07
3.660655100000000000e+07
3.661672000000000000e+07
3.669112800000000000e+07
3.670343200000000000e+07
3.671702600000000000e+07
3.673616800000000000e+07
3.674123100000000000e+07
3.675379900000000000e+07
3.682781000000000000e+07
3.687725200000000000e+07
3.687786700000000000e+07
3.688274400000000000e+07
3.689967100000000000e+07
3.691261400000000000e+07
3.700741900000000000e+07
3.702597200000000000e+07
3.702888100000000000e+07
3.719860900000000000e+07
3.720425400000000000e+07
3.728518600000000000e+07
3.733682900000000000e+07
3.735831600000000000e+07
3.741481000000000000e+07
3.747095900000000000e+07
3.754771400000000000e+07
3.755885200000000000e+07
3.759263700000000000e+07
3.763820800000000000e+07
3.764013100000000000e+07
3.764058100000000000e+07
3.770059600000000000e+07
3.774019700000000000e+07
3.775265100000000000e+07
3.778992400000000000e+07
3.784696800000000000e+07
3.791578500000000000e+07
3.792782500000000000e+07
3.804855500000000000e+07
3.808101100000000000e+07
3.812151800000000000e+07
3.817370800000000000e+07
3.821390400000000000e+07
3.821408200000000000e+07
3.833427700000000000e+07
3.834053400000000000e+07
3.837484100000000000e+07
3.838273300000000000e+07
3.841168600000000000e+07
3.841188200000000000e+07
3.841484800000000000e+07
3.846275100000000000e+07
3.851832700000000000e+07
3.856909300000000000e+07
3.861860900000000000e+07
3.862303800000000000e+07
3.864528700000000000e+07
3.877685300000000000e+07
3.877821400000000000e+07
3.882689600000000000e+07
3.886972600000000000e+07
3.894148000000000000e+07
3.894991000000000000e+07
3.898155700000000000e+07
3.911850800000000000e+07
3.915557800000000000e+07
3.933261800000000000e+07
3.935293100000000000e+07
3.937401800000000000e+07
3.943632500000000000e+07
3.947613100000000000e+07
3.949412500000000000e+07
3.951964900000000000e+07
3.955879600000000000e+07
3.957198500000000000e+07
3.963006800000000000e+07
3.970978800000000000e+07
3.974691000000000000e+07
3.977439000000000000e+07
3.978519300000000000e+07
3.978559700000000000e+07
3.996589100000000000e+07
4.012499600000000000e+07
4.012518100000000000e+07
4.025834200000000000e+07
4.026978000000000000e+07
4.030467800000000000e+07
4.031964700000000000e+07
4.043033000000000000e+07
4.050720600000000000e+07
4.063500400000000000e+07
4.063579600000000000e+07
4.063604100000000000e+07
4.084714900000000000e+07
4.090149100000000000e+07
4.090599000000000000e+07
4.098231400000000000e+07
4.099039800000000000e+07
4.100241400000000000e+07
4.100476300000000000e+07
4.100786300000000000e+07
4.107455700000000000e+07
4.107973300000000000e+07
4.129899600000000000e+07
4.136572500000000000e+07
4.148195800000000000e+07
4.148965900000000000e+07
4.149012800000000000e+07
4.149070100000000000e+07
4.152629000000000000e+07
4.164666600000000000e+07
4.168708500000000000e+07
4.168724100000000000e+07
4.168739700000000000e+07
4.169778100000000000e+07
4.169803500000000000e+07
4.169820500000000000e+07
4.170251700000000000e+07
4.170272200000000000e+07
4.170297900000000000e+07
4.170941700000000000e+07
4.171880800000000000e+07
4.172070900000000000e+07
4.184081000000000000e+07
4.191155500000000000e+07
4.191460600000000000e+07
4.191814000000000000e+07
4.191871600000000000e+07
4.202644200000000000e+07
4.206334700000000000e+07
4.209477800000000000e+07
4.209504600000000000e+07
4.209536200000000000e+07
4.214398300000000000e+07
4.214880600000000000e+07
4.229507000000000000e+07
4.232415800000000000e+07
4.234762300000000000e+07
4.238682100000000000e+07
4.238870500000000000e+07
4.239209900000000000e+07
4.240910100000000000e+07
4.246667100000000000e+07
4.249096500000000000e+07
4.249664200000000000e+07
4.249703700000000000e+07
4.249720100000000000e+07
4.255208500000000000e+07
4.255708700000000000e+07
4.258672800000000000e+07
4.258711800000000000e+07
4.272431500000000000e+07
4.274719200000000000e+07
4.284606700000000000e+07
4.295001700000000000e+07
4.295025700000000000e+07
4.298591300000000000e+07
4.298984700000000000e+07
4.316054400000000000e+07
4.318191800000000000e+07
4.330896700000000000e+07
4.333729300000000000e+07
4.333745900000000000e+07
4.333764300000000000e+07
4.336331900000000000e+07
4.341629100000000000e+07
4.343190400000000000e+07
4.352813300000000000e+07
4.359331000000000000e+07
4.363954600000000000e+07
4.363967600000000000e+07
4.363982400000000000e+07
4.363997900000000000e+07
4.364011500000000000e+07
4.364058800000000000e+07
4.364086300000000000e+07
4.364105100000000000e+07
4.364121500000000000e+07
4.364180400000000000e+07
4.364252000000000000e+07
4.364280900000000000e+07
4.366589300000000000e+07
4.376901800000000000e+07
4.376921100000000000e+07
4.386036800000000000e+07
4.386764300000000000e+07
4.386779300000000000e+07
4.390933400000000000e+07
4.398489700000000000e+07
4.408411600000000000e+07
4.418779400000000000e+07
4.427716700000000000e+07
4.429143400000000000e+07
4.434551000000000000e+07
4.436497600000000000e+07
4.436499400000000000e+07
4.436550000000000000e+07
4.440359500000000000e+07
4.440851200000000000e+07
4.451456300000000000e+07
4.454401000000000000e+07
4.454406900000000000e+07
4.459607800000000000e+07
4.463164700000000000e+07
4.465404600000000000e+07
4.471510000000000000e+07
4.472114600000000000e+07
4.472126300000000000e+07
4.472144200000000000e+07
4.472187200000000000e+07
4.472203200000000000e+07
4.472247000000000000e+07
4.472282900000000000e+07
4.472385400000000000e+07
4.472431100000000000e+07
4.472499400000000000e+07
4.472555600000000000e+07
4.472597600000000000e+07
4.472687700000000000e+07
4.472738800000000000e+07
4.472952300000000000e+07
4.484085900000000000e+07
4.489570900000000000e+07
4.503529300000000000e+07
4.503552900000000000e+07
4.503569900000000000e+07
4.503949600000000000e+07
4.503990500000000000e+07
4.506485400000000000e+07
4.510569600000000000e+07
4.522702500000000000e+07
4.532276800000000000e+07
4.534829900000000000e+07
4.539768800000000000e+07
4.549727500000000000e+07
4.549743700000000000e+07
4.559930800000000000e+07
4.561315100000000000e+07
4.563262300000000000e+07
4.570274300000000000e+07
4.581022300000000000e+07
4.581135200000000000e+07
4.582122000000000000e+07
4.588852200000000000e+07
4.588860600000000000e+07
4.592091000000000000e+07
4.594027900000000000e+07
4.595502000000000000e+07
4.597737900000000000e+07
4.603654300000000000e+07
4.607479600000000000e+07
4.612595600000000000e+07
4.617770500000000000e+07
4.635602300000000000e+07
4.636259700000000000e+07
4.636745900000000000e+07
4.637185600000000000e+07
4.655775700000000000e+07
4.656087500000000000e+07
4.660047500000000000e+07
4.671186200000000000e+07
4.677991100000000000e+07
4.679786900000000000e+07
4.684524100000000000e+07
4.684543100000000000e+07
4.686252100000000000e+07
4.692382900000000000e+07
4.696952400000000000e+07
4.697046500000000000e+07
4.697437700000000000e+07
4.702198600000000000e+07
4.703793000000000000e+07
4.717072400000000000e+07
4.719091000000000000e+07
4.725630700000000000e+07
4.725908000000000000e+07
4.726821400000000000e+07
4.735147400000000000e+07
4.737693500000000000e+07
4.746058800000000000e+07
4.750684300000000000e+07
4.768450900000000000e+07
4.777164200000000000e+07
4.791838400000000000e+07
4.794152900000000000e+07
4.796444800000000000e+07
4.796476300000000000e+07
4.800109100000000000e+07
4.802806100000000000e+07
4.817747900000000000e+07
4.824940100000000000e+07
4.831249000000000000e+07
4.836358000000000000e+07
4.837161800000000000e+07
4.849254000000000000e+07
4.855441600000000000e+07
4.857909600000000000e+07
4.858057300000000000e+07
4.863521100000000000e+07
4.863543300000000000e+07
4.864735400000000000e+07
4.869329300000000000e+07
4.869382300000000000e+07
4.875351700000000000e+07
4.885541300000000000e+07
4.888642800000000000e+07
4.892299600000000000e+07
4.899272900000000000e+07
4.906688000000000000e+07
4.909065500000000000e+07
4.909820900000000000e+07
4.909840500000000000e+07
4.913136300000000000e+07
4.919214400000000000e+07
4.919231700000000000e+07
4.919246100000000000e+07
4.919263200000000000e+07
4.919479700000000000e+07
4.919979800000000000e+07
4.924121600000000000e+07
4.935838100000000000e+07
4.940560100000000000e+07
4.942293600000000000e+07
4.946971800000000000e+07
4.956374300000000000e+07
4.962345200000000000e+07
4.966030700000000000e+07
4.973778800000000000e+07
4.975981500000000000e+07
4.986844300000000000e+07
5.002385700000000000e+07
5.002904500000000000e+07
5.003427100000000000e+07
5.003445000000000000e+07
5.003462000000000000e+07
5.003832600000000000e+07
5.003853000000000000e+07
5.004371700000000000e+07
5.005443500000000000e+07
5.005744700000000000e+07
5.027272900000000000e+07
5.032564000000000000e+07
5.034951400000000000e+07
5.037556700000000000e+07
5.041554600000000000e+07
5.051769400000000000e+07
5.055912500000000000e+07
5.061397700000000000e+07
5.061471700000000000e+07
5.064575600000000000e+07
5.072278800000000000e+07
5.077298000000000000e+07
5.080342200000000000e+07
5.082516100000000000e+07
5.083907500000000000e+07
5.084430800000000000e+07
5.087438000000000000e+07
5.097573300000000000e+07
5.099967700000000000e+07
5.112258600000000000e+07
5.114266800000000000e+07
5.115668100000000000e+07
5.115697200000000000e+07
5.121535900000000000e+07
5.124288600000000000e+07
5.126876700000000000e+07
5.126904300000000000e+07
5.126923400000000000e+07
5.126942400000000000e+07
5.127486200000000000e+07
5.128678900000000000e+07
5.129679100000000000e+07
5.138752900000000000e+07
5.141408700000000000e+07
5.143549400000000000e+07
5.149425600000000000e+07
5.152992600000000000e+07
5.155352200000000000e+07
5.163612200000000000e+07
5.175582900000000000e+07
5.176346300000000000e+07
5.176362600000000000e+07
5.176382200000000000e+07
5.176409100000000000e+07
5.178952000000000000e+07
5.179967500000000000e+07
5.180023400000000000e+07
5.180063600000000000e+07
5.180082900000000000e+07
5.180111500000000000e+07
5.180146300000000000e+07
5.180175100000000000e+07
5.180262800000000000e+07
5.180283900000000000e+07
5.180496200000000000e+07
5.180509400000000000e+07
5.180544800000000000e+07
5.194126200000000000e+07
5.195531600000000000e+07
5.198787400000000000e+07
5.202042100000000000e+07
5.209090500000000000e+07
5.210693900000000000e+07
5.210807700000000000e+07
5.215764800000000000e+07
5.218696500000000000e+07
5.229148100000000000e+07
5.229164600000000000e+07
5.234582900000000000e+07
5.247335100000000000e+07
5.256769800000000000e+07
5.262327400000000000e+07
5.262955400000000000e+07
5.277116800000000000e+07
5.285904300000000000e+07
5.289985400000000000e+07
5.290000300000000000e+07
5.290016500000000000e+07
5.290037100000000000e+07
5.290059000000000000e+07
5.300936200000000000e+07
5.305213300000000000e+07
5.308549600000000000e+07
5.311380900000000000e+07
5.314854200000000000e+07
5.318261100000000000e+07
5.323560700000000000e+07
5.327479800000000000e+07
5.328840000000000000e+07
5.331450500000000000e+07
5.331465300000000000e+07
5.365598900000000000e+07
5.366545400000000000e+07
5.366610600000000000e+07
5.381780200000000000e+07
5.422846000000000000e+07
5.435084600000000000e+07
5.446404200000000000e+07
5.465256800000000000e+07
5.467857000000000000e+07
5.476282200000000000e+07
5.502817600000000000e+07
5.504863200000000000e+07
5.507253500000000000e+07
5.507265400000000000e+07
5.507276700000000000e+07
5.507292300000000000e+07
5.507370200000000000e+07
5.516257200000000000e+07
5.538761000000000000e+07
5.538969300000000000e+07
5.541569900000000000e+07
5.554903200000000000e+07
5.559251300000000000e+07
5.574250200000000000e+07
5.590543000000000000e+07
5.592002200000000000e+07
5.608418600000000000e+07
5.611159700000000000e+07
5.615921500000000000e+07
5.616624500000000000e+07
5.616812700000000000e+07
5.623780700000000000e+07
5.624330800000000000e+07
5.625603800000000000e+07
5.638932400000000000e+07
5.650941600000000000e+07
5.652152500000000000e+07
5.652741700000000000e+07
5.660150000000000000e+07
5.668006300000000000e+07
5.668426700000000000e+07
5.669525700000000000e+07
5.674247800000000000e+07
5.675919700000000000e+07
5.677871000000000000e+07
5.677893200000000000e+07
5.680457600000000000e+07
5.680498400000000000e+07
5.682651600000000000e+07
5.685712200000000000e+07
5.698016300000000000e+07
5.705247500000000000e+07
5.724122900000000000e+07
5.728486300000000000e+07
5.735142200000000000e+07
5.737038100000000000e+07
5.737098100000000000e+07
5.750359600000000000e+07
5.757571700000000000e+07
5.757631900000000000e+07
5.761840300000000000e+07
5.767268700000000000e+07
5.798773400000000000e+07
5.809021700000000000e+07
5.815718500000000000e+07
5.822988400000000000e+07
5.831705200000000000e+07
5.847420400000000000e+07
5.857414300000000000e+07
5.858978200000000000e+07
5.867935700000000000e+07
5.879126700000000000e+07
5.883912400000000000e+07
5.885928300000000000e+07
5.885957500000000000e+07
5.902032600000000000e+07
5.907774300000000000e+07
5.915792900000000000e+07
5.928006700000000000e+07
5.946532700000000000e+07
5.947663300000000000e+07
5.947981800000000000e+07
5.950271600000000000e+07
5.958733900000000000e+07
5.976345000000000000e+07
5.980537400000000000e+07
5.988261600000000000e+07
5.998895500000000000e+07
6.014978700000000000e+07
6.044776000000000000e+07
6.058696000000000000e+07
6.058724400000000000e+07
6.058750600000000000e+07
6.068945700000000000e+07
6.091952600000000000e+07
6.108017900000000000e+07
6.112450600000000000e+07
6.113780300000000000e+07
6.115546900000000000e+07
6.131355400000000000e+07
6.136508600000000000e+07
6.152017800000000000e+07
6.162189400000000000e+07
6.164681100000000000e+07
6.173958300000000000e+07
6.174010900000000000e+07
6.174035400000000000e+07
6.203084500000000000e+07
6.213388400000000000e+07
6.222539700000000000e+07
6.233249600000000000e+07
6.234704900000000000e+07
6.241048600000000000e+07
6.241462500000000000e+07
6.256408900000000000e+07
6.261355500000000000e+07
6.261707900000000000e+07
6.274818100000000000e+07
6.283287400000000000e+07
6.288133100000000000e+07
6.289394100000000000e+07
6.291937100000000000e+07
6.297132300000000000e+07
6.340281200000000000e+07
6.368923900000000000e+07
6.368985300000000000e+07
6.371418100000000000e+07
6.374223700000000000e+07
6.374241900000000000e+07
6.374260400000000000e+07
6.384058700000000000e+07
6.398616800000000000e+07
6.414046200000000000e+07
6.419354900000000000e+07
6.419485500000000000e+07
6.419506600000000000e+07
6.436493000000000000e+07
6.438911300000000000e+07
6.440832100000000000e+07
6.446613900000000000e+07
6.460513300000000000e+07
6.473046400000000000e+07
6.496175400000000000e+07
6.508018900000000000e+07
6.508857000000000000e+07
6.523532400000000000e+07
6.539466400000000000e+07
6.549875300000000000e+07
6.558272500000000000e+07
6.560237800000000000e+07
6.560523200000000000e+07
6.566076200000000000e+07
6.580608700000000000e+07
6.588853700000000000e+07
6.601976300000000000e+07
6.608025000000000000e+07
6.625372900000000000e+07
6.625863700000000000e+07
6.634729100000000000e+07
6.634754000000000000e+07
6.634772600000000000e+07
6.635031900000000000e+07
6.635331100000000000e+07
6.635357400000000000e+07
6.635416400000000000e+07
6.635939800000000000e+07
6.636337700000000000e+07
6.636688900000000000e+07
6.637257900000000000e+07
6.637817400000000000e+07
6.639398300000000000e+07
6.650232400000000000e+07
6.674491600000000000e+07
6.707444000000000000e+07
6.714101600000000000e+07
6.733691100000000000e+07
6.743058400000000000e+07
6.746343400000000000e+07
6.773795800000000000e+07
6.788068700000000000e+07
6.795892200000000000e+07
6.802652700000000000e+07
6.802689200000000000e+07
6.804420500000000000e+07
6.804984800000000000e+07
6.805029500000000000e+07
6.805661700000000000e+07
6.806505000000000000e+07
6.807221800000000000e+07
6.807872500000000000e+07
6.808289900000000000e+07
6.811860500000000000e+07
6.814314900000000000e+07
6.821179100000000000e+07
6.821346500000000000e+07
6.822224400000000000e+07
6.822765300000000000e+07
6.834003400000000000e+07
6.843675500000000000e+07
6.860260600000000000e+07
6.878900400000000000e+07
6.886249100000000000e+07
6.893445300000000000e+07
6.900318000000000000e+07
6.908761500000000000e+07
6.910828800000000000e+07
6.910852400000000000e+07
6.918153700000000000e+07
6.921835000000000000e+07
6.922626500000000000e+07
6.924935300000000000e+07
6.929380300000000000e+07
6.944543300000000000e+07
6.955004000000000000e+07
6.968686900000000000e+07
6.971164600000000000e+07
6.971203700000000000e+07
6.974760600000000000e+07
7.004772300000000000e+07
7.018619300000000000e+07
7.032451400000000000e+07
7.033014800000000000e+07
7.039234400000000000e+07
7.049473700000000000e+07
7.049486900000000000e+07
7.049613500000000000e+07
7.049695000000000000e+07
7.049803800000000000e+07
7.064078400000000000e+07
7.065812100000000000e+07
7.069496300000000000e+07
7.071153900000000000e+07
7.083012100000000000e+07
7.083043800000000000e+07
7.083207900000000000e+07
7.083225300000000000e+07
7.097372100000000000e+07
7.130937600000000000e+07
7.144902700000000000e+07
7.145620900000000000e+07
7.155567800000000000e+07
7.159133000000000000e+07
7.163123400000000000e+07
7.165106100000000000e+07
7.169296800000000000e+07
7.173055200000000000e+07
7.202467800000000000e+07
7.211589700000000000e+07
7.211632800000000000e+07
7.273767200000000000e+07
7.290807100000000000e+07
7.296818800000000000e+07
7.298736300000000000e+07
7.299169000000000000e+07
7.308696800000000000e+07
7.312255500000000000e+07
7.333449600000000000e+07
7.333675100000000000e+07
7.333713100000000000e+07
7.333727400000000000e+07
7.337956400000000000e+07
7.342814100000000000e+07
7.343725800000000000e+07
7.345918300000000000e+07
7.350395600000000000e+07
7.358702400000000000e+07
7.376794900000000000e+07
7.387875000000000000e+07
