1.156099999999999905e+00
1.159766666666666612e+00
1.163666666666666627e+00
5.172799999999999621e+00
5.176400000000000112e+00
5.179966666666667052e+00
1.621743333333333226e+01
1.622086666666666588e+01
1.622449999999999903e+01
3.269783333333333530e+01
3.270136666666666514e+01
3.452289999999999992e+01
3.452600000000000335e+01
3.455703333333333660e+01
5.049989999999999668e+01
5.050379999999999825e+01
6.487873333333332937e+01
6.488200000000000500e+01
6.488549999999999329e+01
6.769710000000000605e+01
6.770083333333333542e+01
8.567036666666666633e+01
8.567426666666666790e+01
8.796276666666666699e+01
8.796620000000000061e+01
8.830993333333333339e+01
8.831346666666667033e+01
8.844519999999999982e+01
8.879153333333333364e+01
8.970180000000000575e+01
9.118726666666667313e+01
9.119100000000000250e+01
9.119516666666666538e+01
9.301789999999999736e+01
9.302136666666666542e+01
9.692549999999999955e+01
9.692933333333333223e+01
9.693366666666666731e+01
1.008228666666666697e+02
1.008264666666666614e+02
1.027348000000000070e+02
1.027390333333333388e+02
1.027454000000000036e+02
1.040538666666666643e+02
1.040572999999999979e+02
1.040610333333333273e+02
1.043656666666666695e+02
1.043695666666666710e+02
1.068240333333333325e+02
1.068276333333333383e+02
1.068319000000000045e+02
1.069996333333333354e+02
1.076574333333333300e+02
1.076611666666666736e+02
1.079907999999999930e+02
1.079953666666666692e+02
1.081575666666666677e+02
1.081620000000000061e+02
1.090414666666666648e+02
1.094973333333333301e+02
1.095011333333333283e+02
1.095052000000000021e+02
1.130515333333333388e+02
1.190446333333333371e+02
1.190487666666666655e+02
1.193018333333333345e+02
1.193061666666666696e+02
1.221991666666666703e+02
1.222039000000000044e+02
1.237095999999999947e+02
1.237135333333333307e+02
1.336036000000000001e+02
1.341686666666666667e+02
1.341724333333333448e+02
1.352033999999999878e+02
1.352070999999999970e+02
1.384394000000000062e+02
1.384429333333333432e+02
1.384469333333333338e+02
1.387410999999999888e+02
1.387451000000000079e+02
1.420093333333333305e+02
1.420130000000000052e+02
1.429801333333333275e+02
1.429841666666666526e+02
1.445799333333333436e+02
1.445842000000000098e+02
1.445882666666666694e+02
1.448736000000000104e+02
1.448777333333333388e+02
1.511424333333333436e+02
1.511458666666666772e+02
1.511495666666666580e+02
1.525420666666666705e+02
1.525460666666666611e+02
1.525499666666666769e+02
1.533181999999999903e+02
1.547522999999999911e+02
1.550110666666666646e+02
1.550155666666666718e+02
1.553641666666666765e+02
1.553680999999999983e+02
1.566686666666666667e+02
1.566742333333333193e+02
1.566788999999999987e+02
1.572803999999999860e+02
1.572848999999999933e+02
1.620241000000000042e+02
1.620275000000000034e+02
1.620314333333333252e+02
1.627988666666666688e+02
1.628026666666666529e+02
1.628074000000000012e+02
1.662556333333333214e+02
1.662594333333333338e+02
1.662633333333333212e+02
1.669913333333333298e+02
1.669952666666666801e+02
1.707717333333333443e+02
1.707752999999999872e+02
1.707792000000000030e+02
1.708036666666666576e+02
1.708074000000000012e+02
1.711225666666666712e+02
1.711283666666666647e+02
1.716288333333333469e+02
1.716326999999999998e+02
1.728949666666666758e+02
1.728990000000000009e+02
1.729037666666666553e+02
1.745687333333333413e+02
1.745723000000000127e+02
1.745766333333333193e+02
1.763350666666666768e+02
1.763386999999999887e+02
1.764654333333333227e+02
1.764696000000000140e+02
1.764831000000000074e+02
1.764879666666666651e+02
1.766691666666666549e+02
1.774339333333333286e+02
1.781043333333333294e+02
1.782687333333333299e+02
1.782732333333333372e+02
1.784166666666666572e+02
1.784221666666666692e+02
1.816770666666666614e+02
1.816805333333333294e+02
1.826020666666666727e+02
1.826056000000000097e+02
1.831476666666666802e+02
1.831519666666666808e+02
1.831562999999999874e+02
1.853917333333333204e+02
1.853959999999999866e+02
1.857699333333333414e+02
1.858013333333333321e+02
1.858058333333333394e+02
